# universalmotif version 1.20.0

---
name: AFP.m0
alphabet: DNA
type: PPM
icscore: 15.81
nsites: 100.0
pseudocount: 1.0
bkg:
  A: 0.25
  C: 0.25
  G: 0.25
  T: 0.25
consensus: ATTAAYTRCAC
strand: +-
extrainfo:
- AFP.e0
motif:
- 1.000e+00 0.000e+00 0.000e+00 0.000e+00
- 2.000e-01 0.000e+00 0.000e+00 8.000e-01
- 2.000e-01 0.000e+00 0.000e+00 8.000e-01
- 1.000e+00 0.000e+00 0.000e+00 0.000e+00
- 1.000e+00 0.000e+00 0.000e+00 0.000e+00
- 0.000e+00 6.000e-01 0.000e+00 4.000e-01
- 2.000e-01 0.000e+00 0.000e+00 8.000e-01
- 6.000e-01 0.000e+00 4.000e-01 0.000e+00
- 0.000e+00 8.000e-01 2.000e-01 0.000e+00
- 1.000e+00 0.000e+00 0.000e+00 0.000e+00
- 0.000e+00 8.000e-01 0.000e+00 2.000e-01

---
name: AHR--ARNT--HIF1A.m0
alphabet: DNA
type: PPM
icscore: 8.54
nsites: 100.0
pseudocount: 1.0
bkg:
  A: 0.25
  C: 0.25
  G: 0.25
  T: 0.25
consensus: RCGTG
strand: +-
extrainfo:
- AHR--ARNT--HIF1A.e0
motif:
- 4.255e-01 0.000e+00 5.745e-01 0.000e+00
- 2.128e-02 9.787e-01 0.000e+00 0.000e+00
- 0.000e+00 0.000e+00 1.000e+00 0.000e+00
- 0.000e+00 0.000e+00 0.000e+00 1.000e+00
- 0.000e+00 0.000e+00 1.000e+00 0.000e+00

---
name: AHR--ARNT.m0
altname: Ahr::Arnt
alphabet: DNA
type: PPM
icscore: 8.99
nsites: 100.0
pseudocount: 1.0
bkg:
  A: 0.25
  C: 0.25
  G: 0.25
  T: 0.25
consensus: GCGTG
strand: +-
extrainfo:
- N3_AHR--ARNT.e0/N2_Ahr--Arnt.h0/N5_AHR--ARNT.e2/N1_MA0006.2
motif:
- 2.500e-03 2.500e-03 9.517e-01 4.333e-02
- 2.500e-03 9.517e-01 2.500e-03 4.333e-02
- 2.500e-03 2.500e-03 9.617e-01 3.333e-02
- 2.500e-03 2.500e-03 2.500e-03 9.925e-01
- 2.500e-03 2.500e-03 9.925e-01 2.500e-03

---
name: AHR--ARNT.m1
alphabet: DNA
type: PPM
icscore: 17.91
nsites: 100.0
pseudocount: 1.0
bkg:
  A: 0.25
  C: 0.25
  G: 0.25
  T: 0.25
consensus: ATYGCGTGMSWNSCC
strand: +-
extrainfo:
- N4_AHR--ARNT.e1
motif:
- 7.200e-01 0.000e+00 2.400e-01 4.000e-02
- 0.000e+00 0.000e+00 1.600e-01 8.400e-01
- 0.000e+00 5.200e-01 0.000e+00 4.800e-01
- 0.000e+00 0.000e+00 1.000e+00 0.000e+00
- 0.000e+00 1.000e+00 0.000e+00 0.000e+00
- 0.000e+00 0.000e+00 1.000e+00 0.000e+00
- 0.000e+00 0.000e+00 0.000e+00 1.000e+00
- 0.000e+00 0.000e+00 1.000e+00 0.000e+00
- 4.800e-01 3.600e-01 0.000e+00 1.600e-01
- 8.000e-02 5.600e-01 2.800e-01 8.000e-02
- 4.800e-01 0.000e+00 8.000e-02 4.400e-01
- 4.000e-01 4.000e-02 3.200e-01 2.400e-01
- 0.000e+00 4.000e-01 4.000e-01 2.000e-01
- 0.000e+00 7.200e-01 1.600e-01 1.200e-01
- 0.000e+00 1.000e+00 0.000e+00 0.000e+00

---
name: AHR.m0
alphabet: DNA
type: PPM
icscore: 19.78
nsites: 100.0
pseudocount: 1.0
bkg:
  A: 0.25
  C: 0.25
  G: 0.25
  T: 0.25
consensus: WSTCACGCNASYYNGRRG
strand: +-
extrainfo:
- N1_M10939/N2_AHR.e0
motif:
- 3.333e-01 0.000e+00 0.000e+00 6.667e-01
- 0.000e+00 5.556e-01 3.333e-01 1.111e-01
- 1.111e-01 1.111e-01 1.111e-01 6.667e-01
- 0.000e+00 1.000e+00 0.000e+00 0.000e+00
- 1.000e+00 0.000e+00 0.000e+00 0.000e+00
- 0.000e+00 1.000e+00 0.000e+00 0.000e+00
- 0.000e+00 0.000e+00 1.000e+00 0.000e+00
- 0.000e+00 1.000e+00 0.000e+00 0.000e+00
- 3.333e-01 1.111e-01 2.222e-01 3.333e-01
- 1.000e+00 0.000e+00 0.000e+00 0.000e+00
- 0.000e+00 4.444e-01 5.556e-01 0.000e+00
- 1.111e-01 4.444e-01 1.111e-01 3.333e-01
- 0.000e+00 5.556e-01 0.000e+00 4.444e-01
- 1.111e-01 3.333e-01 3.333e-01 2.222e-01
- 0.000e+00 2.222e-01 7.778e-01 0.000e+00
- 3.333e-01 1.111e-01 5.556e-01 0.000e+00
- 3.333e-01 0.000e+00 6.667e-01 0.000e+00
- 1.111e-01 2.222e-01 6.667e-01 0.000e+00

---
name: AHR.m1
alphabet: DNA
type: PPM
icscore: 10.38
nsites: 100.0
pseudocount: 1.0
bkg:
  A: 0.25
  C: 0.25
  G: 0.25
  T: 0.25
consensus: TNGCGTG
strand: +-
extrainfo:
- N3_AHR.e1
motif:
- 4.000e-02 8.000e-02 2.000e-01 6.800e-01
- 1.600e-01 2.400e-01 2.000e-01 4.000e-01
- 0.000e+00 0.000e+00 1.000e+00 0.000e+00
- 0.000e+00 1.000e+00 0.000e+00 0.000e+00
- 0.000e+00 0.000e+00 1.000e+00 0.000e+00
- 0.000e+00 0.000e+00 0.000e+00 1.000e+00
- 0.000e+00 0.000e+00 1.000e+00 0.000e+00

---
name: AIRE.m0
alphabet: DNA
type: PPM
icscore: 33.98
nsites: 100.0
pseudocount: 1.0
bkg:
  A: 0.25
  C: 0.25
  G: 0.25
  T: 0.25
consensus: SGTTATTAAKTGGTTATATTGGTT
strand: +-
extrainfo:
- AIRE.e1
motif:
- 0.000e+00 2.727e-01 7.273e-01 0.000e+00
- 2.143e-01 2.143e-01 5.714e-01 0.000e+00
- 0.000e+00 0.000e+00 0.000e+00 1.000e+00
- 0.000e+00 0.000e+00 0.000e+00 1.000e+00
- 8.750e-01 6.250e-02 0.000e+00 6.250e-02
- 0.000e+00 0.000e+00 0.000e+00 1.000e+00
- 5.263e-02 0.000e+00 0.000e+00 9.474e-01
- 8.571e-01 0.000e+00 4.762e-02 9.524e-02
- 9.167e-01 4.167e-02 0.000e+00 4.167e-02
- 0.000e+00 3.846e-02 2.692e-01 6.923e-01
- 7.143e-02 7.143e-02 0.000e+00 8.571e-01
- 0.000e+00 0.000e+00 1.000e+00 0.000e+00
- 0.000e+00 0.000e+00 1.000e+00 0.000e+00
- 6.897e-02 0.000e+00 3.448e-02 8.966e-01
- 0.000e+00 3.448e-02 0.000e+00 9.655e-01
- 9.565e-01 0.000e+00 4.348e-02 0.000e+00
- 0.000e+00 5.263e-02 5.263e-02 8.947e-01
- 7.222e-01 1.111e-01 1.667e-01 0.000e+00
- 0.000e+00 5.556e-02 0.000e+00 9.444e-01
- 0.000e+00 0.000e+00 0.000e+00 1.000e+00
- 0.000e+00 5.882e-02 8.824e-01 5.882e-02
- 5.882e-02 5.882e-02 8.824e-01 0.000e+00
- 0.000e+00 1.667e-01 2.500e-01 5.833e-01
- 0.000e+00 1.000e-01 1.000e-01 8.000e-01

---
name: ALX1.m0
altname: Alx1
alphabet: DNA
type: PPM
icscore: 11.77
nsites: 100.0
pseudocount: 1.0
bkg:
  A: 0.25
  C: 0.25
  G: 0.25
  T: 0.25
consensus: YTAATTAR
strand: +-
extrainfo:
- N1_MA0854.2/N2_Alx1.h0/N3_Alx1.h1/N4_Alx1.h2/N12_ALX1.e1/N13_ALX1.e2
motif:
- 3.966e-02 3.467e-01 1.676e-02 5.969e-01
- 1.043e-02 6.080e-02 7.579e-04 9.280e-01
- 9.867e-01 1.947e-03 9.857e-03 1.458e-03
- 9.796e-01 8.109e-04 9.643e-03 9.963e-03
- 9.963e-03 9.643e-03 8.109e-04 9.796e-01
- 1.458e-03 9.857e-03 1.947e-03 9.867e-01
- 9.280e-01 7.579e-04 6.080e-02 1.043e-02
- 5.969e-01 1.676e-02 3.467e-01 3.966e-02

---
name: ALX1.m1
alphabet: DNA
type: PPM
icscore: 7.99
nsites: 100.0
pseudocount: 1.0
bkg:
  A: 0.25
  C: 0.25
  G: 0.25
  T: 0.25
consensus: TAATTR
strand: +-
extrainfo:
- N5_M00526/N7_M03476/N14_ALX1.e3
motif:
- 6.508e-02 1.255e-02 2.482e-02 8.975e-01
- 8.954e-01 1.593e-02 5.305e-02 3.557e-02
- 9.876e-01 7.549e-04 7.037e-03 4.615e-03
- 8.885e-03 1.431e-02 1.049e-02 9.663e-01
- 4.468e-02 7.161e-02 4.114e-02 8.426e-01
- 6.270e-01 3.028e-02 2.663e-01 7.645e-02

---
name: ALX1.m2
alphabet: DNA
type: PPM
icscore: 9.95
nsites: 100.0
pseudocount: 1.0
bkg:
  A: 0.25
  C: 0.25
  G: 0.25
  T: 0.25
consensus: TAAYYYAATTA
strand: +-
extrainfo:
- N6_M03430/N16_ALX1.e5
motif:
- 1.844e-01 9.008e-02 3.968e-02 6.858e-01
- 7.308e-01 3.617e-02 1.162e-01 1.168e-01
- 9.583e-01 1.478e-02 1.910e-02 7.803e-03
- 9.966e-02 2.603e-01 7.271e-02 5.673e-01
- 6.895e-02 3.438e-01 1.722e-01 4.150e-01
- 8.086e-02 3.345e-01 5.950e-02 5.251e-01
- 7.525e-01 5.595e-02 1.424e-01 4.918e-02
- 9.062e-01 3.204e-02 3.612e-02 2.563e-02
- 1.268e-03 1.078e-02 1.268e-03 9.867e-01
- 1.477e-01 6.935e-02 1.594e-02 7.670e-01
- 7.694e-01 2.077e-02 8.342e-02 1.264e-01

---
name: ALX1.m3
alphabet: DNA
type: PPM
icscore: 12.37
nsites: 100.0
pseudocount: 1.0
bkg:
  A: 0.25
  C: 0.25
  G: 0.25
  T: 0.25
consensus: TAATTNRATTA
strand: +-
extrainfo:
- N8_M03477/N15_ALX1.e4
motif:
- 7.020e-02 2.593e-02 1.096e-02 8.929e-01
- 8.587e-01 5.939e-03 5.724e-02 7.815e-02
- 9.953e-01 7.771e-04 3.303e-03 6.382e-04
- 2.272e-02 7.142e-02 2.986e-02 8.760e-01
- 2.126e-02 2.019e-01 9.971e-02 6.771e-01
- 3.121e-01 1.495e-01 2.113e-01 3.270e-01
- 5.552e-01 6.773e-02 3.516e-01 2.554e-02
- 7.885e-01 1.783e-02 1.567e-01 3.705e-02
- 8.058e-04 1.889e-03 1.222e-03 9.961e-01
- 5.744e-02 3.832e-02 7.305e-03 8.969e-01
- 8.357e-01 9.440e-03 4.771e-02 1.071e-01

---
name: ALX1.m4
alphabet: DNA
type: PPM
icscore: 20.05
nsites: 100.0
pseudocount: 1.0
bkg:
  A: 0.25
  C: 0.25
  G: 0.25
  T: 0.25
consensus: TAATYTAATTA
strand: +-
extrainfo:
- N9_M05531/N10_M05532
motif:
- 2.717e-03 1.910e-04 0.000e+00 9.971e-01
- 9.992e-01 2.767e-05 6.738e-04 1.416e-04
- 9.998e-01 8.302e-05 5.754e-05 5.754e-05
- 1.509e-04 2.065e-03 2.136e-04 9.976e-01
- 7.722e-05 7.346e-01 3.500e-03 2.618e-01
- 1.930e-02 9.911e-03 1.885e-02 9.519e-01
- 9.983e-01 1.148e-04 1.388e-03 2.073e-04
- 9.999e-01 0.000e+00 9.592e-06 6.604e-05
- 7.563e-05 1.310e-04 0.000e+00 9.998e-01
- 4.999e-03 2.097e-04 3.813e-05 9.948e-01
- 9.948e-01 2.861e-05 2.289e-04 4.972e-03

---
name: ALX1.m5
alphabet: DNA
type: PPM
icscore: 13.62
nsites: 100.0
pseudocount: 1.0
bkg:
  A: 0.25
  C: 0.25
  G: 0.25
  T: 0.25
consensus: TAATTNNNATTA
strand: +-
extrainfo:
- N11_ALX1.e0
motif:
- 0.000e+00 0.000e+00 0.000e+00 1.000e+00
- 8.800e-01 0.000e+00 4.000e-02 8.000e-02
- 1.000e+00 0.000e+00 0.000e+00 0.000e+00
- 0.000e+00 4.000e-02 0.000e+00 9.600e-01
- 0.000e+00 8.000e-02 2.400e-01 6.800e-01
- 4.000e-01 2.800e-01 1.600e-01 1.600e-01
- 2.800e-01 3.200e-01 2.000e-01 2.000e-01
- 2.500e-01 5.000e-01 0.000e+00 2.500e-01
- 8.800e-01 4.000e-02 8.000e-02 0.000e+00
- 0.000e+00 4.000e-02 0.000e+00 9.600e-01
- 8.000e-02 4.000e-02 0.000e+00 8.800e-01
- 8.000e-01 4.000e-02 1.200e-01 4.000e-02

---
name: ALX3.m0
alphabet: DNA
type: PPM
icscore: 11.92
nsites: 100.0
pseudocount: 1.0
bkg:
  A: 0.25
  C: 0.25
  G: 0.25
  T: 0.25
consensus: YTAATTAR
strand: +-
extrainfo:
- N1_Alx3.h0/N11_ALX3.e0
motif:
- 3.991e-02 4.783e-01 9.302e-03 4.725e-01
- 1.996e-03 8.052e-02 6.465e-04 9.168e-01
- 9.884e-01 8.117e-03 1.644e-03 1.869e-03
- 9.877e-01 1.280e-03 9.298e-03 1.710e-03
- 1.710e-03 9.298e-03 1.280e-03 9.877e-01
- 1.869e-03 1.644e-03 8.117e-03 9.884e-01
- 9.168e-01 6.465e-04 8.052e-02 1.996e-03
- 4.725e-01 9.302e-03 4.783e-01 3.991e-02

---
name: ALX3.m1
alphabet: DNA
type: PPM
icscore: 8.14
nsites: 100.0
pseudocount: 1.0
bkg:
  A: 0.25
  C: 0.25
  G: 0.25
  T: 0.25
consensus: AATTA
strand: +-
extrainfo:
- N5_M05399/N6_M05402/N7_M05403/N2_M03376
motif:
- 9.103e-01 4.129e-02 2.480e-02 2.361e-02
- 9.852e-01 7.210e-03 3.086e-03 4.513e-03
- 1.576e-03 2.658e-03 4.640e-04 9.953e-01
- 1.061e-02 2.952e-02 2.264e-02 9.372e-01
- 8.996e-01 1.259e-02 5.989e-02 2.791e-02

---
name: ALX3.m2
alphabet: DNA
type: PPM
icscore: 11.46
nsites: 100.0
pseudocount: 1.0
bkg:
  A: 0.25
  C: 0.25
  G: 0.25
  T: 0.25
consensus: TAATYNAATTA
strand: +-
extrainfo:
- N4_M03378/N14_ALX3.e3
motif:
- 1.355e-01 6.697e-02 1.442e-02 7.832e-01
- 8.680e-01 9.672e-03 4.373e-02 7.864e-02
- 9.916e-01 3.603e-03 3.123e-03 1.681e-03
- 3.944e-02 1.669e-01 1.840e-02 7.752e-01
- 4.003e-02 3.698e-01 8.112e-02 5.090e-01
- 2.834e-01 2.297e-01 1.630e-01 3.239e-01
- 6.659e-01 1.162e-01 1.875e-01 3.039e-02
- 8.672e-01 3.529e-02 7.143e-02 2.605e-02
- 2.396e-03 6.231e-03 2.157e-03 9.892e-01
- 1.220e-01 7.056e-02 9.472e-03 7.980e-01
- 8.506e-01 2.019e-02 3.730e-02 9.190e-02

---
name: ALX3.m3
alphabet: DNA
type: PPM
icscore: 6.02
nsites: 100.0
pseudocount: 1.0
bkg:
  A: 0.25
  C: 0.25
  G: 0.25
  T: 0.25
consensus: TAAYG
strand: +-
extrainfo:
- N8_M05404
motif:
- 0.000e+00 0.000e+00 0.000e+00 1.000e+00
- 8.107e-01 1.179e-02 4.410e-02 1.334e-01
- 8.383e-01 3.500e-02 7.315e-02 5.351e-02
- 0.000e+00 5.333e-01 8.331e-03 4.583e-01
- 4.686e-02 4.752e-02 8.093e-01 9.634e-02

---
name: ALX4.m0
altname: Alx4
alphabet: DNA
type: PPM
icscore: 11.77
nsites: 100.0
pseudocount: 1.0
bkg:
  A: 0.25
  C: 0.25
  G: 0.25
  T: 0.25
consensus: YTAATTAR
strand: +-
extrainfo:
- N1_MA0853.2/N2_Alx4.h0/N3_Alx4.h1/N9_ALX4.e1
motif:
- 2.178e-02 3.429e-01 1.140e-02 6.240e-01
- 1.001e-02 7.878e-02 7.675e-04 9.104e-01
- 9.796e-01 9.466e-03 9.735e-03 1.155e-03
- 9.789e-01 8.921e-04 1.008e-02 1.015e-02
- 1.015e-02 1.008e-02 8.921e-04 9.789e-01
- 1.155e-03 9.735e-03 9.466e-03 9.796e-01
- 9.104e-01 7.675e-04 7.878e-02 1.001e-02
- 6.240e-01 1.140e-02 3.429e-01 2.178e-02

---
name: ALX4.m1
alphabet: DNA
type: PPM
icscore: 10.71
nsites: 100.0
pseudocount: 1.0
bkg:
  A: 0.25
  C: 0.25
  G: 0.25
  T: 0.25
consensus: TAATYNAATTA
strand: +-
extrainfo:
- N7_M03482/N11_ALX4.e3/N4_M03283/N10_ALX4.e2
motif:
- 1.653e-01 7.633e-02 1.756e-02 7.408e-01
- 8.385e-01 1.511e-02 7.475e-02 7.168e-02
- 9.921e-01 2.849e-03 3.616e-03 1.427e-03
- 5.995e-02 1.839e-01 2.497e-02 7.312e-01
- 5.232e-02 3.557e-01 1.030e-01 4.890e-01
- 3.155e-01 2.479e-01 1.711e-01 2.655e-01
- 6.303e-01 1.261e-01 2.036e-01 4.006e-02
- 8.538e-01 4.058e-02 7.617e-02 2.949e-02
- 2.532e-03 8.167e-03 1.443e-03 9.879e-01
- 1.210e-01 1.178e-01 1.328e-02 7.479e-01
- 8.473e-01 1.973e-02 4.068e-02 9.225e-02

---
name: ALX4.m2
alphabet: DNA
type: PPM
icscore: 7.22
nsites: 100.0
pseudocount: 1.0
bkg:
  A: 0.25
  C: 0.25
  G: 0.25
  T: 0.25
consensus: AATTA
strand: +-
extrainfo:
- N6_M05122/N5_M05121
motif:
- 7.957e-01 1.013e-01 8.024e-02 2.274e-02
- 9.979e-01 2.092e-03 0.000e+00 0.000e+00
- 0.000e+00 0.000e+00 0.000e+00 1.000e+00
- 0.000e+00 1.024e-01 5.046e-02 8.471e-01
- 8.313e-01 2.328e-02 1.396e-01 5.877e-03

---
name: ALX4.m3
alphabet: DNA
type: PPM
icscore: 25.03
nsites: 100.0
pseudocount: 1.0
bkg:
  A: 0.25
  C: 0.25
  G: 0.25
  T: 0.25
consensus: CCTGAGAATAATC
strand: +-
extrainfo:
- N8_ALX4.e0
motif:
- 0.000e+00 1.000e+00 0.000e+00 0.000e+00
- 0.000e+00 1.000e+00 0.000e+00 0.000e+00
- 0.000e+00 0.000e+00 0.000e+00 1.000e+00
- 0.000e+00 0.000e+00 1.000e+00 0.000e+00
- 1.000e+00 0.000e+00 0.000e+00 0.000e+00
- 0.000e+00 0.000e+00 1.000e+00 0.000e+00
- 1.000e+00 0.000e+00 0.000e+00 0.000e+00
- 1.000e+00 0.000e+00 0.000e+00 0.000e+00
- 0.000e+00 0.000e+00 0.000e+00 1.000e+00
- 1.000e+00 0.000e+00 0.000e+00 0.000e+00
- 1.000e+00 0.000e+00 0.000e+00 0.000e+00
- 0.000e+00 0.000e+00 0.000e+00 1.000e+00
- 0.000e+00 1.000e+00 0.000e+00 0.000e+00

---
name: ANHX.m0
alphabet: DNA
type: PPM
icscore: 8.53
nsites: 100.0
pseudocount: 1.0
bkg:
  A: 0.25
  C: 0.25
  G: 0.25
  T: 0.25
consensus: CWTGTMA
strand: +-
extrainfo:
- M02178
motif:
- 1.694e-04 7.624e-01 1.711e-02 2.204e-01
- 3.552e-01 7.904e-02 3.958e-02 5.262e-01
- 1.174e-02 1.174e-02 1.396e-01 8.369e-01
- 1.163e-01 1.162e-04 8.834e-01 1.162e-04
- 1.162e-04 1.162e-04 1.162e-04 9.997e-01
- 2.857e-01 6.427e-01 1.190e-04 7.151e-02
- 9.503e-01 1.246e-02 1.234e-04 3.714e-02

---
name: AR.m0
altname: Ar
family: NR
alphabet: DNA
type: PPM
icscore: 15.24
nsites: 100.0
pseudocount: 1.0
bkg:
  A: 0.25
  C: 0.25
  G: 0.25
  T: 0.25
consensus: RGNACANNNTGTWCY
strand: +-
extrainfo:
- N1_MA0007.4/N2_Ar.h0/N4_M03594/N3_M03593/N6_M10733/N7_AR.h0
motif:
- 3.681e-01 3.543e-03 5.887e-01 3.939e-02
- 1.940e-02 3.442e-04 9.707e-01 9.589e-03
- 4.052e-01 1.386e-01 1.376e-01 3.186e-01
- 9.596e-01 9.944e-03 1.399e-02 1.648e-02
- 1.327e-03 9.922e-01 4.686e-03 1.795e-03
- 8.326e-01 5.296e-03 1.140e-01 4.810e-02
- 9.935e-02 4.232e-01 2.214e-01 2.560e-01
- 2.145e-01 2.377e-01 3.447e-01 2.030e-01
- 2.538e-01 1.942e-01 4.556e-01 9.629e-02
- 5.040e-02 1.121e-01 2.278e-03 8.352e-01
- 8.604e-04 4.230e-03 9.941e-01 8.051e-04
- 2.085e-02 1.473e-02 6.819e-03 9.573e-01
- 3.499e-01 1.181e-01 1.285e-01 4.035e-01
- 6.406e-03 9.762e-01 3.524e-04 1.704e-02
- 4.186e-02 5.830e-01 2.015e-03 3.728e-01

---
name: AR.m1
family: NR
alphabet: DNA
type: PPM
icscore: 8.78
nsites: 100.0
pseudocount: 1.0
bkg:
  A: 0.25
  C: 0.25
  G: 0.25
  T: 0.25
consensus: RGNACA
strand: +-
extrainfo:
- N5_M10732/N8_AR.h1
motif:
- 3.350e-01 1.000e-03 6.630e-01 1.000e-03
- 1.000e-03 1.000e-03 9.970e-01 1.000e-03
- 4.710e-01 2.730e-01 1.680e-01 8.900e-02
- 9.970e-01 1.000e-03 1.000e-03 1.000e-03
- 1.000e-03 9.940e-01 4.000e-03 1.000e-03
- 9.650e-01 1.000e-03 1.000e-03 3.300e-02

---
name: ARGFX.m0
altname: ARGFX
alphabet: DNA
type: PPM
icscore: 11.5
nsites: 100.0
pseudocount: 1.0
bkg:
  A: 0.25
  C: 0.25
  G: 0.25
  T: 0.25
consensus: YTAATTAG
strand: +-
extrainfo:
- N1_M05573/N5_MA1463.2/N6_ARGFX.h0/N3_M05575
motif:
- 5.334e-02 3.785e-01 2.974e-02 5.384e-01
- 4.005e-02 8.157e-02 2.560e-02 8.528e-01
- 9.939e-01 2.076e-03 4.060e-03 3.757e-06
- 9.974e-01 3.767e-06 2.571e-03 3.767e-06
- 2.094e-03 3.767e-06 3.767e-06 9.979e-01
- 1.841e-04 1.760e-03 4.153e-03 9.939e-01
- 9.090e-01 1.087e-02 6.134e-02 1.880e-02
- 1.522e-01 6.805e-02 6.859e-01 9.381e-02

---
name: ARGFX.m1
alphabet: DNA
type: PPM
icscore: 16.95
nsites: 100.0
pseudocount: 1.0
bkg:
  A: 0.25
  C: 0.25
  G: 0.25
  T: 0.25
consensus: TAATTARATTA
strand: +-
extrainfo:
- N4_M05576/N2_M05574
motif:
- 4.413e-03 5.868e-03 2.865e-03 9.869e-01
- 9.937e-01 1.199e-03 2.361e-03 2.705e-03
- 9.985e-01 5.874e-04 7.922e-04 1.602e-04
- 5.781e-04 7.818e-04 0.000e+00 9.986e-01
- 1.066e-04 5.236e-03 3.254e-03 9.914e-01
- 8.000e-01 5.387e-02 9.648e-02 4.961e-02
- 4.562e-01 1.633e-02 5.226e-01 4.920e-03
- 7.923e-01 1.066e-01 6.268e-02 3.836e-02
- 5.908e-03 6.107e-02 2.078e-02 9.122e-01
- 1.224e-02 1.607e-02 8.838e-03 9.629e-01
- 9.661e-01 5.675e-03 8.737e-03 1.946e-02

---
name: ARHGEF12.m0
alphabet: DNA
type: PPM
icscore: 12.06
nsites: 100.0
pseudocount: 1.0
bkg:
  A: 0.25
  C: 0.25
  G: 0.25
  T: 0.25
consensus: ACGACAAA
strand: +-
extrainfo:
- ARHGEF12.e0
motif:
- 9.537e-01 1.637e-02 6.314e-03 2.361e-02
- 3.494e-03 9.896e-01 3.278e-03 3.580e-03
- 4.722e-03 3.156e-03 9.888e-01 3.317e-03
- 9.398e-01 1.925e-03 5.215e-02 6.096e-03
- 1.840e-01 7.604e-01 3.085e-02 2.476e-02
- 9.176e-01 3.661e-03 6.544e-02 1.334e-02
- 9.655e-01 6.559e-03 5.183e-03 2.281e-02
- 7.306e-01 5.437e-02 6.576e-03 2.084e-01

---
name: ARID3A.m0
altname: Arid3a
alphabet: DNA
type: PPM
icscore: 9.51
nsites: 100.0
pseudocount: 1.0
bkg:
  A: 0.25
  C: 0.25
  G: 0.25
  T: 0.25
consensus: ATYAAA
strand: +-
extrainfo:
- N2_Arid3a.h0/N4_ARID3A.e0/N1_MA0151.1
motif:
- 9.911e-01 2.976e-03 2.976e-03 2.976e-03
- 2.976e-03 2.976e-03 2.976e-03 9.911e-01
- 3.957e-02 3.323e-01 2.976e-03 6.251e-01
- 9.911e-01 2.976e-03 2.976e-03 2.976e-03
- 9.911e-01 2.976e-03 2.976e-03 2.976e-03
- 7.349e-01 2.976e-03 3.957e-02 2.226e-01

---
name: ARID3A.m1
alphabet: DNA
type: PPM
icscore: 7.79
nsites: 100.0
pseudocount: 1.0
bkg:
  A: 0.25
  C: 0.25
  G: 0.25
  T: 0.25
consensus: TTAATTAA
strand: +-
extrainfo:
- N3_Arid3a.h1/N5_ARID3A.e1
motif:
- 8.854e-02 1.104e-01 8.107e-02 7.200e-01
- 4.157e-02 9.744e-02 4.754e-02 8.135e-01
- 6.978e-01 1.020e-02 1.808e-01 1.112e-01
- 8.881e-01 1.770e-03 2.351e-03 1.078e-01
- 1.078e-01 2.351e-03 1.770e-03 8.881e-01
- 1.112e-01 1.808e-01 1.020e-02 6.978e-01
- 8.135e-01 4.754e-02 9.744e-02 4.157e-02
- 7.200e-01 8.107e-02 1.104e-01 8.854e-02

---
name: ARID3B.m0
altname: Arid3b
alphabet: DNA
type: PPM
icscore: 8.51
nsites: 100.0
pseudocount: 1.0
bkg:
  A: 0.25
  C: 0.25
  G: 0.25
  T: 0.25
consensus: ATTAAT
strand: +-
extrainfo:
- N1_MA0601.2/N2_Arid3b.h0/N3_M01741/N6_M10891
motif:
- 7.067e-01 8.933e-02 2.549e-02 1.785e-01
- 8.415e-02 9.765e-05 9.765e-05 9.157e-01
- 6.050e-03 9.759e-05 9.759e-05 9.938e-01
- 9.699e-01 9.759e-05 2.986e-02 9.759e-05
- 8.497e-01 2.986e-02 3.581e-02 8.459e-02
- 8.898e-02 1.301e-04 1.301e-04 9.108e-01

---
name: ARID3B.m1
alphabet: DNA
type: PPM
icscore: 10.1
nsites: 100.0
pseudocount: 1.0
bkg:
  A: 0.25
  C: 0.25
  G: 0.25
  T: 0.25
consensus: TTTRATT
strand: +-
extrainfo:
- N5_M06295
motif:
- 0.000e+00 0.000e+00 9.524e-02 9.048e-01
- 0.000e+00 4.762e-02 9.524e-02 8.571e-01
- 0.000e+00 4.762e-02 0.000e+00 9.524e-01
- 3.333e-01 0.000e+00 6.190e-01 4.762e-02
- 1.000e+00 0.000e+00 0.000e+00 0.000e+00
- 0.000e+00 0.000e+00 0.000e+00 1.000e+00
- 1.429e-01 4.762e-02 0.000e+00 8.095e-01

---
name: ARID5A.m0
altname: Arid5a
alphabet: DNA
type: PPM
icscore: 8.86
nsites: 100.0
pseudocount: 1.0
bkg:
  A: 0.25
  C: 0.25
  G: 0.25
  T: 0.25
consensus: AATATT
strand: +-
extrainfo:
- N4_M00171/N1_MA0602.2/N2_Arid5a.h0/N3_Arid5a.h1/N5_ARID5A.e0
motif:
- 8.438e-01 3.225e-02 9.127e-02 3.267e-02
- 9.663e-01 7.864e-03 9.344e-03 1.648e-02
- 4.753e-02 7.870e-03 7.470e-03 9.371e-01
- 9.429e-01 8.082e-03 1.328e-03 4.772e-02
- 1.758e-02 8.595e-03 1.291e-03 9.725e-01
- 4.457e-02 6.190e-02 2.853e-02 8.650e-01

---
name: ARID5B.m0
alphabet: DNA
type: PPM
icscore: 12.56
nsites: 100.0
pseudocount: 1.0
bkg:
  A: 0.25
  C: 0.25
  G: 0.25
  T: 0.25
consensus: AWSCACAATACNVM
strand: +-
extrainfo:
- N1_M10890/N2_ARID5B.e0
motif:
- 6.000e-01 2.000e-01 2.000e-01 0.000e+00
- 6.000e-01 0.000e+00 0.000e+00 4.000e-01
- 0.000e+00 5.000e-01 3.333e-01 1.667e-01
- 6.667e-02 6.000e-01 1.333e-01 2.000e-01
- 6.667e-01 1.333e-01 6.667e-02 1.333e-01
- 6.667e-02 6.667e-01 1.333e-01 1.333e-01
- 1.000e+00 0.000e+00 0.000e+00 0.000e+00
- 1.000e+00 0.000e+00 0.000e+00 0.000e+00
- 0.000e+00 6.667e-02 6.667e-02 8.667e-01
- 9.333e-01 6.667e-02 0.000e+00 0.000e+00
- 0.000e+00 7.333e-01 6.667e-02 2.000e-01
- 2.667e-01 4.667e-01 6.667e-02 2.000e-01
- 4.667e-01 2.667e-01 2.667e-01 0.000e+00
- 6.000e-01 2.667e-01 1.333e-01 0.000e+00

---
name: ARNT--AHR.m0
family: bHLH
alphabet: DNA
type: PPM
icscore: 6.82
nsites: 100.0
pseudocount: 1.0
bkg:
  A: 0.25
  C: 0.25
  G: 0.25
  T: 0.25
consensus: CACGC
strand: +-
extrainfo:
- Arnt--Ahr.h0
motif:
- 1.400e-02 9.700e-01 3.000e-03 1.300e-02
- 9.270e-01 2.800e-02 1.000e-03 4.400e-02
- 3.300e-02 8.260e-01 5.100e-02 9.000e-02
- 2.900e-02 1.700e-02 9.510e-01 3.000e-03
- 1.230e-01 7.650e-01 6.700e-02 4.500e-02

---
name: ARNT--HIF1A.m0
altname: ARNT::HIF1A
alphabet: DNA
type: PPM
icscore: 8.63
nsites: 100.0
pseudocount: 1.0
bkg:
  A: 0.25
  C: 0.25
  G: 0.25
  T: 0.25
consensus: ACGTG
strand: +-
extrainfo:
- N2_ARNT--HIF1A.h0/N1_MA0259.2
motif:
- 7.476e-01 2.033e-02 2.213e-01 1.076e-02
- 1.190e-03 9.869e-01 1.190e-03 1.076e-02
- 1.190e-03 1.190e-03 9.964e-01 1.190e-03
- 1.190e-03 1.190e-03 1.190e-03 9.964e-01
- 1.190e-03 1.190e-03 9.964e-01 1.190e-03

---
name: ARNT.m0
altname: Arnt
family: HLH
alphabet: DNA
type: PPM
icscore: 10.76
nsites: 100.0
pseudocount: 1.0
bkg:
  A: 0.25
  C: 0.25
  G: 0.25
  T: 0.25
consensus: TCACGTG
strand: +-
extrainfo:
- N7_M10987/N9_ARNT.e1/N6_M10986/N8_ARNT.e0/N4_Arnt.h1/N10_ARNT.e2/N2_MA0004.1/N1_M01801/N3_Arnt.h0/N5_M10582
motif:
- 1.349e-01 9.882e-03 1.928e-01 6.625e-01
- 1.340e-02 9.697e-01 3.966e-03 1.294e-02
- 9.602e-01 2.409e-03 3.401e-02 3.409e-03
- 1.681e-02 9.586e-01 1.409e-03 2.319e-02
- 1.161e-02 1.409e-03 9.658e-01 2.113e-02
- 1.609e-03 2.737e-02 1.409e-03 9.696e-01
- 1.155e-02 4.896e-03 8.804e-01 1.031e-01

---
name: ARNT2.m0
altname: ARNT2
alphabet: DNA
type: PPM
icscore: 10.95
nsites: 100.0
pseudocount: 1.0
bkg:
  A: 0.25
  C: 0.25
  G: 0.25
  T: 0.25
consensus: CACGTG
strand: +-
extrainfo:
- N2_M04374/N3_MA1464.2/N4_ARNT2.h0
motif:
- 1.225e-02 9.850e-01 2.790e-03 2.021e-06
- 9.733e-01 2.925e-03 1.275e-02 1.102e-02
- 2.044e-06 9.964e-01 2.044e-06 3.632e-03
- 2.066e-03 2.047e-06 9.979e-01 2.047e-06
- 1.539e-02 2.203e-02 2.625e-03 9.600e-01
- 3.385e-04 2.003e-06 9.763e-01 2.334e-02

---
name: ARX.m0
altname: Arx
alphabet: DNA
type: PPM
icscore: 11.65
nsites: 100.0
pseudocount: 1.0
bkg:
  A: 0.25
  C: 0.25
  G: 0.25
  T: 0.25
consensus: YTAATTAR
strand: +-
extrainfo:
- N1_MA0874.2/N2_Arx.h0/N3_Arx.h1/N13_ARX.e0
motif:
- 1.143e-02 3.790e-01 9.604e-03 6.000e-01
- 9.933e-03 1.294e-01 1.262e-03 8.594e-01
- 9.867e-01 1.796e-03 1.734e-03 9.792e-03
- 9.797e-01 1.134e-03 9.794e-03 9.383e-03
- 9.383e-03 9.794e-03 1.134e-03 9.797e-01
- 9.792e-03 1.734e-03 1.796e-03 9.867e-01
- 8.594e-01 1.262e-03 1.294e-01 9.933e-03
- 6.000e-01 9.604e-03 3.790e-01 1.143e-02

---
name: ARX.m1
alphabet: DNA
type: PPM
icscore: 9.3
nsites: 100.0
pseudocount: 1.0
bkg:
  A: 0.25
  C: 0.25
  G: 0.25
  T: 0.25
consensus: TAATTA
strand: +-
extrainfo:
- N4_M00315/N7_M00320/N9_M05099
motif:
- 3.349e-02 2.100e-01 3.557e-02 7.210e-01
- 9.780e-01 1.141e-04 1.870e-02 3.199e-03
- 9.966e-01 1.138e-04 1.138e-04 3.171e-03
- 1.138e-04 3.171e-03 1.138e-04 9.966e-01
- 3.576e-02 1.859e-02 2.612e-04 9.454e-01
- 8.729e-01 1.509e-02 9.023e-02 2.178e-02

---
name: ARX.m2
alphabet: DNA
type: PPM
icscore: 13.7
nsites: 100.0
pseudocount: 1.0
bkg:
  A: 0.25
  C: 0.25
  G: 0.25
  T: 0.25
consensus: ATAATTAT
strand: +-
extrainfo:
- N5_M00317
motif:
- 9.712e-01 9.615e-03 9.615e-03 9.615e-03
- 9.615e-03 9.615e-03 9.615e-03 9.712e-01
- 9.712e-01 9.615e-03 9.615e-03 9.615e-03
- 9.712e-01 9.615e-03 9.615e-03 9.615e-03
- 9.615e-03 9.615e-03 9.615e-03 9.712e-01
- 9.615e-03 9.615e-03 9.615e-03 9.712e-01
- 9.712e-01 9.615e-03 9.615e-03 9.615e-03
- 9.615e-03 9.615e-03 9.615e-03 9.712e-01

---
name: ARX.m3
alphabet: DNA
type: PPM
icscore: 11.89
nsites: 100.0
pseudocount: 1.0
bkg:
  A: 0.25
  C: 0.25
  G: 0.25
  T: 0.25
consensus: TAATTNRATTA
strand: +-
extrainfo:
- N12_M03473/N15_ARX.e2/N8_M03280/N14_ARX.e1
motif:
- 7.806e-02 3.327e-02 1.402e-02 8.746e-01
- 7.932e-01 1.479e-02 7.421e-02 1.178e-01
- 9.752e-01 4.673e-03 1.387e-02 6.310e-03
- 2.340e-02 7.489e-02 2.203e-02 8.797e-01
- 2.009e-02 2.476e-01 6.247e-02 6.698e-01
- 2.609e-01 1.970e-01 1.757e-01 3.663e-01
- 5.979e-01 7.713e-02 2.906e-01 3.434e-02
- 8.217e-01 2.790e-02 9.673e-02 5.370e-02
- 3.532e-03 8.701e-03 3.722e-03 9.840e-01
- 6.227e-02 5.803e-02 9.640e-03 8.701e-01
- 7.825e-01 2.010e-02 4.829e-02 1.491e-01

---
name: ASCL1.m0
altname: ASCL1
alphabet: DNA
type: PPM
icscore: 8.24
nsites: 100.0
pseudocount: 1.0
bkg:
  A: 0.25
  C: 0.25
  G: 0.25
  T: 0.25
consensus: CAGCTG
strand: +-
extrainfo:
- N2_M04340/N5_ASCL1.h0/N1_M04339/N3_MA1100.3
motif:
- 6.341e-03 9.840e-01 1.390e-05 9.607e-03
- 9.459e-01 2.140e-02 4.743e-03 2.797e-02
- 2.324e-03 1.777e-01 6.946e-01 1.253e-01
- 1.073e-01 6.911e-01 1.859e-01 1.567e-02
- 3.771e-02 1.161e-02 2.916e-02 9.215e-01
- 4.335e-03 1.411e-05 9.956e-01 1.411e-05

---
name: ASCL1.m1
altname: ASCL1
family: var.2
alphabet: DNA
type: PPM
icscore: 10.81
nsites: 100.0
pseudocount: 1.0
bkg:
  A: 0.25
  C: 0.25
  G: 0.25
  T: 0.25
consensus: CACCTGC
strand: +-
extrainfo:
- N4_MA1631.2/N6_ASCL1.h1
motif:
- 5.359e-03 9.769e-01 9.347e-03 8.415e-03
- 9.406e-01 1.639e-02 2.504e-02 1.799e-02
- 4.748e-03 8.781e-01 9.341e-02 2.373e-02
- 5.709e-03 9.722e-01 1.767e-02 4.399e-03
- 1.071e-02 2.154e-02 1.432e-02 9.534e-01
- 7.309e-03 1.296e-02 9.725e-01 7.251e-03
- 1.162e-02 8.396e-01 7.914e-02 6.968e-02

---
name: ASCL2.m0
altname: Ascl2
family: bHLH
alphabet: DNA
type: PPM
icscore: 11.12
nsites: 100.0
pseudocount: 1.0
bkg:
  A: 0.25
  C: 0.25
  G: 0.25
  T: 0.25
consensus: ARCAGCTGY
strand: +-
extrainfo:
- N4_Ascl2.h0/N2_M03018/N3_MA0816.1/N5_Ascl2.h1/N13_ASCL2.e1/N11_M04415/N10_M04414/N7_M04411/N8_M04412/N6_Ascl2.h2/N12_ASCL2.e0
motif:
- 6.731e-01 1.024e-01 1.790e-01 4.557e-02
- 3.286e-01 1.104e-01 5.455e-01 1.542e-02
- 5.993e-03 9.878e-01 2.097e-03 4.076e-03
- 9.592e-01 5.230e-03 4.056e-03 3.156e-02
- 1.027e-02 1.177e-01 8.065e-01 6.547e-02
- 5.112e-02 8.449e-01 9.956e-02 4.395e-03
- 1.787e-02 5.007e-03 8.047e-03 9.691e-01
- 2.380e-03 2.999e-03 9.904e-01 4.263e-03
- 2.478e-02 6.371e-01 8.010e-02 2.581e-01

---
name: ASCL2.m1
alphabet: DNA
type: PPM
icscore: 8.4
nsites: 100.0
pseudocount: 1.0
bkg:
  A: 0.25
  C: 0.25
  G: 0.25
  T: 0.25
consensus: CGTCGTG
strand: +-
extrainfo:
- N9_M04413
motif:
- 0.000e+00 8.126e-01 5.728e-03 1.817e-01
- 4.537e-02 1.019e-02 9.194e-01 2.500e-02
- 2.837e-02 1.118e-02 1.066e-01 8.538e-01
- 3.812e-02 6.760e-01 8.850e-02 1.974e-01
- 7.262e-02 5.687e-02 8.688e-01 1.750e-03
- 2.932e-02 9.446e-02 6.759e-02 8.086e-01
- 3.185e-02 9.653e-03 9.585e-01 0.000e+00

---
name: ATF1.m0
altname: Atf1
alphabet: DNA
type: PPM
icscore: 9.36
nsites: 100.0
pseudocount: 1.0
bkg:
  A: 0.25
  C: 0.25
  G: 0.25
  T: 0.25
consensus: ACGTCA
strand: +-
extrainfo:
- N1_M01886/N2_MA0604.1/N4_Atf1.h1
motif:
- 7.117e-01 1.133e-04 1.981e-01 9.010e-02
- 1.067e-04 9.927e-01 1.067e-04 7.118e-03
- 1.066e-04 1.066e-04 9.997e-01 1.066e-04
- 1.066e-04 1.066e-04 1.066e-04 9.997e-01
- 1.751e-01 8.027e-01 2.206e-02 1.076e-04
- 9.599e-01 1.095e-04 1.602e-02 2.397e-02

---
name: ATF1.m1
alphabet: DNA
type: PPM
icscore: 12.67
nsites: 100.0
pseudocount: 1.0
bkg:
  A: 0.25
  C: 0.25
  G: 0.25
  T: 0.25
consensus: TGACGTCA
strand: +-
extrainfo:
- N5_Atf1.h2
motif:
- 9.901e-03 2.970e-02 9.901e-03 9.505e-01
- 1.010e-02 1.010e-02 8.687e-01 1.111e-01
- 9.697e-01 0.000e+00 1.010e-02 2.020e-02
- 0.000e+00 9.596e-01 0.000e+00 4.040e-02
- 4.040e-02 0.000e+00 9.596e-01 0.000e+00
- 2.020e-02 1.010e-02 0.000e+00 9.697e-01
- 1.111e-01 8.687e-01 1.010e-02 1.010e-02
- 9.505e-01 9.901e-03 2.970e-02 9.901e-03

---
name: ATF2.m0
alphabet: DNA
type: PPM
icscore: 13.41
nsites: 100.0
pseudocount: 1.0
bkg:
  A: 0.25
  C: 0.25
  G: 0.25
  T: 0.25
consensus: TTACGTAA
strand: +-
extrainfo:
- N8_M11064/N12_ATF2.e0
motif:
- 0.000e+00 0.000e+00 4.255e-02 9.574e-01
- 2.128e-02 0.000e+00 1.489e-01 8.298e-01
- 1.000e+00 0.000e+00 0.000e+00 0.000e+00
- 0.000e+00 9.149e-01 0.000e+00 8.511e-02
- 0.000e+00 0.000e+00 1.000e+00 0.000e+00
- 0.000e+00 0.000e+00 0.000e+00 1.000e+00
- 8.298e-01 1.702e-01 0.000e+00 0.000e+00
- 1.000e+00 0.000e+00 0.000e+00 0.000e+00

---
name: ATF2.m1
alphabet: DNA
type: PPM
icscore: 12.79
nsites: 100.0
pseudocount: 1.0
bkg:
  A: 0.25
  C: 0.25
  G: 0.25
  T: 0.25
consensus: TKACGTCA
strand: +-
extrainfo:
- N9_M11065/N14_ATF2.e2
motif:
- 1.429e-01 1.429e-01 0.000e+00 7.143e-01
- 0.000e+00 0.000e+00 4.286e-01 5.714e-01
- 8.571e-01 0.000e+00 1.429e-01 0.000e+00
- 0.000e+00 1.000e+00 0.000e+00 0.000e+00
- 0.000e+00 0.000e+00 1.000e+00 0.000e+00
- 0.000e+00 0.000e+00 0.000e+00 1.000e+00
- 0.000e+00 1.000e+00 0.000e+00 0.000e+00
- 1.000e+00 0.000e+00 0.000e+00 0.000e+00

---
name: ATF2.m2
altname: ATF2
alphabet: DNA
type: PPM
icscore: 12.89
nsites: 100.0
pseudocount: 1.0
bkg:
  A: 0.25
  C: 0.25
  G: 0.25
  T: 0.25
consensus: ATGABGTCA
strand: +-
extrainfo:
- N10_MA1632.2/N11_ATF2.h0
motif:
- 8.180e-01 5.295e-02 1.049e-01 2.421e-02
- 8.690e-03 1.514e-02 5.525e-03 9.706e-01
- 1.970e-02 6.871e-03 9.314e-01 4.206e-02
- 9.725e-01 6.669e-03 4.413e-03 1.642e-02
- 1.770e-02 2.857e-01 3.907e-01 3.059e-01
- 2.298e-02 1.492e-02 9.577e-01 4.396e-03
- 1.622e-02 5.322e-03 4.767e-03 9.737e-01
- 7.361e-02 9.002e-01 1.093e-02 1.531e-02
- 9.748e-01 3.672e-03 1.293e-02 8.572e-03

---
name: ATF2.m3
alphabet: DNA
type: PPM
icscore: 12.96
nsites: 100.0
pseudocount: 1.0
bkg:
  A: 0.25
  C: 0.25
  G: 0.25
  T: 0.25
consensus: TGACGTYA
strand: +-
extrainfo:
- N13_ATF2.e1
motif:
- 0.000e+00 2.326e-02 0.000e+00 9.767e-01
- 4.651e-02 0.000e+00 9.535e-01 0.000e+00
- 1.000e+00 0.000e+00 0.000e+00 0.000e+00
- 0.000e+00 1.000e+00 0.000e+00 0.000e+00
- 4.651e-02 2.326e-02 9.302e-01 0.000e+00
- 0.000e+00 0.000e+00 0.000e+00 1.000e+00
- 0.000e+00 4.651e-01 6.977e-02 4.651e-01
- 9.302e-01 2.326e-02 0.000e+00 4.651e-02

---
name: ATF3.m0
alphabet: DNA
type: PPM
icscore: 10.4
nsites: 100.0
pseudocount: 1.0
bkg:
  A: 0.25
  C: 0.25
  G: 0.25
  T: 0.25
consensus: ACGTCAYC
strand: +-
extrainfo:
- N1_M01889/N22_ATF3.e4/N23_ATF3.e5/N24_ATF3.e6/N27_ATF3.e9/N28_ATF3.e10/N33_ATF3.e15/N34_ATF3.e16/N35_ATF3.e17
motif:
- 7.063e-01 1.745e-02 1.974e-01 7.888e-02
- 1.597e-02 9.524e-01 6.639e-03 2.499e-02
- 4.738e-02 1.649e-02 9.342e-01 1.878e-03
- 2.643e-05 1.878e-03 2.643e-05 9.981e-01
- 1.609e-02 9.771e-01 6.772e-03 2.643e-05
- 9.941e-01 5.847e-03 2.643e-05 2.643e-05
- 3.973e-02 3.392e-01 1.356e-01 4.855e-01
- 6.543e-02 7.087e-01 1.292e-01 9.668e-02

---
name: ATF3.m1
alphabet: DNA
type: PPM
icscore: 12.73
nsites: 100.0
pseudocount: 1.0
bkg:
  A: 0.25
  C: 0.25
  G: 0.25
  T: 0.25
consensus: TGACGTCW
strand: +-
extrainfo:
- N29_ATF3.e11
motif:
- 0.000e+00 0.000e+00 0.000e+00 1.000e+00
- 0.000e+00 0.000e+00 1.000e+00 0.000e+00
- 1.000e+00 0.000e+00 0.000e+00 0.000e+00
- 0.000e+00 1.000e+00 0.000e+00 0.000e+00
- 0.000e+00 0.000e+00 1.000e+00 0.000e+00
- 6.693e-02 0.000e+00 0.000e+00 9.331e-01
- 1.532e-01 6.345e-01 8.529e-02 1.271e-01
- 6.891e-01 0.000e+00 0.000e+00 3.109e-01

---
name: ATF3.m2
family: bZIP
alphabet: DNA
type: PPM
icscore: 13.77
nsites: 100.0
pseudocount: 1.0
bkg:
  A: 0.25
  C: 0.25
  G: 0.25
  T: 0.25
consensus: RTGASTCAY
strand: +-
extrainfo:
- N3_Atf3.h0/N16_M10612/N15_M08981
motif:
- 6.075e-01 0.000e+00 3.925e-01 0.000e+00
- 6.667e-04 6.667e-04 6.667e-04 9.980e-01
- 6.667e-04 6.667e-04 9.640e-01 3.467e-02
- 9.980e-01 6.667e-04 6.667e-04 6.667e-04
- 3.761e-02 4.729e-01 4.581e-01 3.200e-02
- 6.667e-04 6.667e-04 6.667e-04 9.980e-01
- 3.467e-02 9.640e-01 6.667e-04 6.667e-04
- 9.980e-01 6.667e-04 6.667e-04 6.667e-04
- 0.000e+00 4.301e-01 0.000e+00 5.699e-01

---
name: ATF3.m3
altname: ATF3
alphabet: DNA
type: PPM
icscore: 15.8
nsites: 100.0
pseudocount: 1.0
bkg:
  A: 0.25
  C: 0.25
  G: 0.25
  T: 0.25
consensus: RTGACGTCAY
strand: +-
extrainfo:
- N8_M04527/N17_MA0605.3/N18_ATF3.h0/N37_ATF3.e19
motif:
- 5.610e-01 4.839e-02 3.800e-01 1.060e-02
- 2.219e-03 7.204e-03 1.353e-03 9.892e-01
- 3.527e-03 3.569e-03 9.414e-01 5.148e-02
- 9.906e-01 1.165e-03 2.956e-03 5.236e-03
- 7.743e-04 9.771e-01 7.928e-04 2.131e-02
- 2.729e-02 7.928e-04 9.711e-01 7.743e-04
- 5.236e-03 2.956e-03 1.165e-03 9.906e-01
- 5.414e-02 9.388e-01 3.569e-03 3.527e-03
- 9.892e-01 1.335e-03 7.204e-03 2.219e-03
- 2.001e-06 3.779e-01 2.628e-02 5.958e-01

---
name: ATF3.m4
alphabet: DNA
type: PPM
icscore: 14.92
nsites: 100.0
pseudocount: 1.0
bkg:
  A: 0.25
  C: 0.25
  G: 0.25
  T: 0.25
consensus: RTGACRTCAY
strand: +-
extrainfo:
- N6_M04525/N7_M04526/N9_M04528
motif:
- 6.491e-01 4.904e-02 2.956e-01 6.328e-03
- 0.000e+00 5.510e-03 0.000e+00 9.945e-01
- 0.000e+00 5.997e-05 9.080e-01 9.192e-02
- 9.983e-01 0.000e+00 0.000e+00 1.674e-03
- 2.529e-05 9.782e-01 8.380e-03 1.338e-02
- 4.093e-01 7.641e-03 5.828e-01 3.064e-04
- 0.000e+00 0.000e+00 0.000e+00 1.000e+00
- 6.586e-02 9.341e-01 0.000e+00 0.000e+00
- 9.951e-01 0.000e+00 4.886e-03 0.000e+00
- 5.012e-03 3.201e-01 4.799e-02 6.269e-01

---
name: ATF3.m5
alphabet: DNA
type: PPM
icscore: 15.75
nsites: 100.0
pseudocount: 1.0
bkg:
  A: 0.25
  C: 0.25
  G: 0.25
  T: 0.25
consensus: GTCACGTGAC
strand: +-
extrainfo:
- N19_ATF3.e0
motif:
- 1.401e-01 1.147e-01 7.452e-01 0.000e+00
- 0.000e+00 0.000e+00 0.000e+00 1.000e+00
- 0.000e+00 9.936e-01 0.000e+00 6.369e-03
- 9.873e-01 0.000e+00 0.000e+00 1.274e-02
- 0.000e+00 8.662e-01 5.096e-02 8.280e-02
- 7.006e-02 3.822e-02 8.917e-01 0.000e+00
- 0.000e+00 0.000e+00 0.000e+00 1.000e+00
- 0.000e+00 0.000e+00 1.000e+00 0.000e+00
- 1.000e+00 0.000e+00 0.000e+00 0.000e+00
- 1.911e-02 7.261e-01 1.019e-01 1.529e-01

---
name: ATF3.m6
alphabet: DNA
type: PPM
icscore: 12.43
nsites: 100.0
pseudocount: 1.0
bkg:
  A: 0.25
  C: 0.25
  G: 0.25
  T: 0.25
consensus: CACGTGAC
strand: +-
extrainfo:
- N12_M08282/N10_M08280/N11_M08281
motif:
- 4.520e-03 8.145e-01 1.552e-01 2.577e-02
- 9.898e-01 0.000e+00 1.016e-02 0.000e+00
- 0.000e+00 8.960e-01 1.007e-03 1.030e-01
- 1.618e-02 1.429e-02 9.695e-01 0.000e+00
- 4.075e-03 0.000e+00 0.000e+00 9.959e-01
- 0.000e+00 1.839e-01 8.161e-01 0.000e+00
- 9.599e-01 4.883e-03 3.527e-02 0.000e+00
- 0.000e+00 8.498e-01 2.907e-03 1.473e-01

---
name: ATF3.m7
alphabet: DNA
type: PPM
icscore: 24.21
nsites: 100.0
pseudocount: 1.0
bkg:
  A: 0.25
  C: 0.25
  G: 0.25
  T: 0.25
consensus: RTGACGCATAYCCCC
strand: +-
extrainfo:
- N26_ATF3.e8
motif:
- 6.000e-01 0.000e+00 4.000e-01 0.000e+00
- 0.000e+00 0.000e+00 0.000e+00 1.000e+00
- 0.000e+00 0.000e+00 1.000e+00 0.000e+00
- 1.000e+00 0.000e+00 0.000e+00 0.000e+00
- 0.000e+00 1.000e+00 0.000e+00 0.000e+00
- 0.000e+00 0.000e+00 1.000e+00 0.000e+00
- 0.000e+00 1.000e+00 0.000e+00 0.000e+00
- 1.000e+00 0.000e+00 0.000e+00 0.000e+00
- 0.000e+00 2.000e-01 0.000e+00 8.000e-01
- 8.000e-01 2.000e-01 0.000e+00 0.000e+00
- 0.000e+00 6.000e-01 0.000e+00 4.000e-01
- 0.000e+00 1.000e+00 0.000e+00 0.000e+00
- 0.000e+00 1.000e+00 0.000e+00 0.000e+00
- 0.000e+00 8.000e-01 0.000e+00 2.000e-01
- 2.000e-01 8.000e-01 0.000e+00 0.000e+00

---
name: ATF3.m8
alphabet: DNA
type: PPM
icscore: 14.69
nsites: 100.0
pseudocount: 1.0
bkg:
  A: 0.25
  C: 0.25
  G: 0.25
  T: 0.25
consensus: GGGTTGACGYM
strand: +-
extrainfo:
- N25_ATF3.e7
motif:
- 0.000e+00 1.176e-01 8.235e-01 5.882e-02
- 0.000e+00 1.176e-01 8.824e-01 0.000e+00
- 5.882e-02 0.000e+00 9.412e-01 0.000e+00
- 5.882e-02 1.176e-01 2.353e-01 5.882e-01
- 0.000e+00 0.000e+00 0.000e+00 1.000e+00
- 0.000e+00 0.000e+00 8.235e-01 1.765e-01
- 1.000e+00 0.000e+00 0.000e+00 0.000e+00
- 0.000e+00 1.000e+00 0.000e+00 0.000e+00
- 0.000e+00 0.000e+00 1.000e+00 0.000e+00
- 5.882e-02 4.118e-01 1.176e-01 4.118e-01
- 6.471e-01 2.941e-01 5.882e-02 0.000e+00

---
name: ATF4.m0
alphabet: DNA
type: PPM
icscore: 18.44
nsites: 100.0
pseudocount: 1.0
bkg:
  A: 0.25
  C: 0.25
  G: 0.25
  T: 0.25
consensus: KATTGCRTCATCC
strand: +-
extrainfo:
- N1_M03069/N13_ATF4.e2
motif:
- 1.442e-02 4.665e-02 5.437e-01 3.953e-01
- 8.428e-01 2.812e-02 1.290e-01 0.000e+00
- 0.000e+00 0.000e+00 1.832e-03 9.982e-01
- 0.000e+00 0.000e+00 0.000e+00 1.000e+00
- 3.939e-02 0.000e+00 9.606e-01 0.000e+00
- 0.000e+00 9.968e-01 3.231e-03 0.000e+00
- 6.882e-01 1.420e-03 3.104e-01 0.000e+00
- 8.969e-04 0.000e+00 0.000e+00 9.991e-01
- 2.641e-03 9.965e-01 0.000e+00 8.801e-04
- 9.981e-01 0.000e+00 1.881e-03 0.000e+00
- 0.000e+00 5.678e-02 7.542e-02 8.678e-01
- 1.466e-01 5.544e-01 2.337e-01 6.531e-02
- 9.340e-02 6.510e-01 2.598e-02 2.296e-01

---
name: ATF4.m1
altname: ATF4
family: bZIP
alphabet: DNA
type: PPM
icscore: 13.94
nsites: 100.0
pseudocount: 1.0
bkg:
  A: 0.25
  C: 0.25
  G: 0.25
  T: 0.25
consensus: RTTGCATCA
strand: +-
extrainfo:
- N2_M10619/N3_Atf4.h0/N9_MA0833.3/N10_ATF4.h0
motif:
- 6.261e-01 1.042e-01 2.502e-01 1.957e-02
- 2.470e-03 2.185e-03 1.554e-03 9.938e-01
- 2.440e-03 1.614e-03 4.541e-03 9.914e-01
- 1.831e-01 2.080e-03 6.761e-01 1.387e-01
- 2.170e-03 9.937e-01 1.268e-03 2.846e-03
- 9.535e-01 5.930e-03 3.643e-02 4.153e-03
- 1.545e-02 1.316e-02 6.762e-03 9.646e-01
- 1.654e-02 9.731e-01 3.977e-03 6.428e-03
- 9.752e-01 4.964e-03 1.180e-02 7.985e-03

---
name: ATF4.m2
alphabet: DNA
type: PPM
icscore: 14.54
nsites: 100.0
pseudocount: 1.0
bkg:
  A: 0.25
  C: 0.25
  G: 0.25
  T: 0.25
consensus: RTTGCRTCAT
strand: +-
extrainfo:
- N4_M03038/N12_ATF4.e1
motif:
- 6.852e-01 5.950e-02 2.553e-01 0.000e+00
- 4.464e-03 1.116e-03 3.348e-03 9.911e-01
- 3.257e-03 0.000e+00 2.280e-02 9.739e-01
- 1.122e-01 1.589e-02 8.322e-01 3.972e-02
- 3.607e-03 9.955e-01 0.000e+00 9.019e-04
- 5.510e-01 1.055e-02 4.361e-01 2.345e-03
- 2.738e-02 0.000e+00 0.000e+00 9.726e-01
- 9.821e-03 9.732e-01 0.000e+00 1.696e-02
- 9.929e-01 7.085e-03 0.000e+00 0.000e+00
- 3.090e-03 1.308e-01 2.080e-01 6.581e-01

---
name: ATF4.m3
alphabet: DNA
type: PPM
icscore: 19.59
nsites: 100.0
pseudocount: 1.0
bkg:
  A: 0.25
  C: 0.25
  G: 0.25
  T: 0.25
consensus: RGATGACGTCATCY
strand: +-
extrainfo:
- N5_M04231/N6_M04478/N8_M04480
motif:
- 2.589e-01 2.233e-02 6.556e-01 6.317e-02
- 7.759e-02 8.870e-02 6.658e-01 1.679e-01
- 6.563e-01 1.926e-01 1.504e-01 6.434e-04
- 6.280e-04 6.541e-04 1.201e-03 9.975e-01
- 4.930e-04 2.877e-04 9.987e-01 5.336e-04
