MEME version 5

ALPHABET= ACGT

strands: + -

Background letter frequencies
A 0.250000 C 0.250000 G 0.250000 T 0.250000

MOTIF AFP.m0 
letter-probability matrix: alength= 4 w= 11 nsites= 100 E= 0
 1.000000  0.000000  0.000000  0.000000 
 0.200000  0.000000  0.000000  0.800000 
 0.200000  0.000000  0.000000  0.800000 
 1.000000  0.000000  0.000000  0.000000 
 1.000000  0.000000  0.000000  0.000000 
 0.000000  0.600000  0.000000  0.400000 
 0.200000  0.000000  0.000000  0.800000 
 0.600000  0.000000  0.400000  0.000000 
 0.000000  0.800000  0.200000  0.000000 
 1.000000  0.000000  0.000000  0.000000 
 0.000000  0.800000  0.000000  0.200000 

MOTIF AHR--ARNT--HIF1A.m0 
letter-probability matrix: alength= 4 w= 5 nsites= 100 E= 0
 0.425532  0.000000  0.574468  0.000000 
 0.021277  0.978723  0.000000  0.000000 
 0.000000  0.000000  1.000000  0.000000 
 0.000000  0.000000  0.000000  1.000000 
 0.000000  0.000000  1.000000  0.000000 

MOTIF AHR--ARNT.m0 Ahr::Arnt
letter-probability matrix: alength= 4 w= 5 nsites= 100 E= 0
 0.002500  0.002500  0.951667  0.043333 
 0.002500  0.951667  0.002500  0.043333 
 0.002500  0.002500  0.961667  0.033333 
 0.002500  0.002500  0.002500  0.992500 
 0.002500  0.002500  0.992500  0.002500 

MOTIF AHR--ARNT.m1 
letter-probability matrix: alength= 4 w= 15 nsites= 100 E= 0
 0.720000  0.000000  0.240000  0.040000 
 0.000000  0.000000  0.160000  0.840000 
 0.000000  0.520000  0.000000  0.480000 
 0.000000  0.000000  1.000000  0.000000 
 0.000000  1.000000  0.000000  0.000000 
 0.000000  0.000000  1.000000  0.000000 
 0.000000  0.000000  0.000000  1.000000 
 0.000000  0.000000  1.000000  0.000000 
 0.480000  0.360000  0.000000  0.160000 
 0.080000  0.560000  0.280000  0.080000 
 0.480000  0.000000  0.080000  0.440000 
 0.400000  0.040000  0.320000  0.240000 
 0.000000  0.400000  0.400000  0.200000 
 0.000000  0.720000  0.160000  0.120000 
 0.000000  1.000000  0.000000  0.000000 

MOTIF AHR.m0 
letter-probability matrix: alength= 4 w= 18 nsites= 100 E= 0
 0.333333  0.000000  0.000000  0.666667 
 0.000000  0.555556  0.333333  0.111111 
 0.111111  0.111111  0.111111  0.666667 
 0.000000  1.000000  0.000000  0.000000 
 1.000000  0.000000  0.000000  0.000000 
 0.000000  1.000000  0.000000  0.000000 
 0.000000  0.000000  1.000000  0.000000 
 0.000000  1.000000  0.000000  0.000000 
 0.333333  0.111111  0.222222  0.333333 
 1.000000  0.000000  0.000000  0.000000 
 0.000000  0.444444  0.555556  0.000000 
 0.111111  0.444444  0.111111  0.333333 
 0.000000  0.555556  0.000000  0.444444 
 0.111111  0.333333  0.333333  0.222222 
 0.000000  0.222222  0.777778  0.000000 
 0.333333  0.111111  0.555556  0.000000 
 0.333333  0.000000  0.666667  0.000000 
 0.111111  0.222222  0.666667  0.000000 

MOTIF AHR.m1 
letter-probability matrix: alength= 4 w= 7 nsites= 100 E= 0
 0.040000  0.080000  0.200000  0.680000 
 0.160000  0.240000  0.200000  0.400000 
 0.000000  0.000000  1.000000  0.000000 
 0.000000  1.000000  0.000000  0.000000 
 0.000000  0.000000  1.000000  0.000000 
 0.000000  0.000000  0.000000  1.000000 
 0.000000  0.000000  1.000000  0.000000 

MOTIF AIRE.m0 
letter-probability matrix: alength= 4 w= 24 nsites= 100 E= 0
 0.000000  0.272727  0.727273  0.000000 
 0.214286  0.214286  0.571429  0.000000 
 0.000000  0.000000  0.000000  1.000000 
 0.000000  0.000000  0.000000  1.000000 
 0.875000  0.062500  0.000000  0.062500 
 0.000000  0.000000  0.000000  1.000000 
 0.052632  0.000000  0.000000  0.947368 
 0.857143  0.000000  0.047619  0.095238 
 0.916667  0.041667  0.000000  0.041667 
 0.000000  0.038462  0.269231  0.692308 
 0.071429  0.071429  0.000000  0.857143 
 0.000000  0.000000  1.000000  0.000000 
 0.000000  0.000000  1.000000  0.000000 
 0.068966  0.000000  0.034483  0.896552 
 0.000000  0.034483  0.000000  0.965517 
 0.956522  0.000000  0.043478  0.000000 
 0.000000  0.052632  0.052632  0.894737 
 0.722222  0.111111  0.166667  0.000000 
 0.000000  0.055556  0.000000  0.944444 
 0.000000  0.000000  0.000000  1.000000 
 0.000000  0.058824  0.882353  0.058824 
 0.058824  0.058824  0.882353  0.000000 
 0.000000  0.166667  0.250000  0.583333 
 0.000000  0.100000  0.100000  0.800000 

MOTIF ALX1.m0 Alx1
letter-probability matrix: alength= 4 w= 8 nsites= 100 E= 0
 0.039664  0.346662  0.016759  0.596915 
 0.010425  0.060795  0.000758  0.928022 
 0.986739  0.001947  0.009857  0.001458 
 0.979583  0.000811  0.009643  0.009963 
 0.009963  0.009643  0.000811  0.979583 
 0.001458  0.009857  0.001947  0.986739 
 0.928022  0.000758  0.060795  0.010425 
 0.596915  0.016759  0.346662  0.039664 

MOTIF ALX1.m1 
letter-probability matrix: alength= 4 w= 6 nsites= 100 E= 0
 0.065085  0.012547  0.024824  0.897544 
 0.895449  0.015925  0.053054  0.035571 
 0.987592  0.000755  0.007037  0.004615 
 0.008885  0.014313  0.010492  0.966309 
 0.044678  0.071611  0.041144  0.842567 
 0.626955  0.030277  0.266319  0.076449 

MOTIF ALX1.m2 
letter-probability matrix: alength= 4 w= 11 nsites= 100 E= 0
 0.184423  0.090081  0.039677  0.685819 
 0.730817  0.036173  0.116192  0.116818 
 0.958316  0.014784  0.019097  0.007803 
 0.099663  0.260330  0.072708  0.567299 
 0.068954  0.343796  0.172223  0.415027 
 0.080862  0.334500  0.059495  0.525143 
 0.752499  0.055950  0.142373  0.049178 
 0.906213  0.032039  0.036117  0.025631 
 0.001268  0.010782  0.001268  0.986681 
 0.147740  0.069351  0.015941  0.766968 
 0.769370  0.020772  0.083416  0.126442 

MOTIF ALX1.m3 
letter-probability matrix: alength= 4 w= 11 nsites= 100 E= 0
 0.070205  0.025925  0.010958  0.892912 
 0.858676  0.005939  0.057239  0.078146 
 0.995281  0.000777  0.003303  0.000638 
 0.022722  0.071416  0.029857  0.876005 
 0.021256  0.201898  0.099711  0.677135 
 0.312127  0.149523  0.211329  0.327021 
 0.555182  0.067725  0.351550  0.025542 
 0.788451  0.017834  0.156661  0.037054 
 0.000806  0.001889  0.001222  0.996083 
 0.057437  0.038325  0.007305  0.896933 
 0.835699  0.009440  0.047712  0.107149 

MOTIF ALX1.m4 
letter-probability matrix: alength= 4 w= 11 nsites= 100 E= 0
 0.002717  0.000191  0.000000  0.997092 
 0.999157  0.000028  0.000674  0.000142 
 0.999802  0.000083  0.000058  0.000058 
 0.000151  0.002065  0.000214  0.997571 
 0.000077  0.734640  0.003500  0.261783 
 0.019302  0.009911  0.018851  0.951936 
 0.998290  0.000115  0.001388  0.000207 
 0.999924  0.000000  0.000010  0.000066 
 0.000076  0.000131  0.000000  0.999793 
 0.004999  0.000210  0.000038  0.994753 
 0.994771  0.000029  0.000229  0.004972 

MOTIF ALX1.m5 
letter-probability matrix: alength= 4 w= 12 nsites= 100 E= 0
 0.000000  0.000000  0.000000  1.000000 
 0.880000  0.000000  0.040000  0.080000 
 1.000000  0.000000  0.000000  0.000000 
 0.000000  0.040000  0.000000  0.960000 
 0.000000  0.080000  0.240000  0.680000 
 0.400000  0.280000  0.160000  0.160000 
 0.280000  0.320000  0.200000  0.200000 
 0.250000  0.500000  0.000000  0.250000 
 0.880000  0.040000  0.080000  0.000000 
 0.000000  0.040000  0.000000  0.960000 
 0.080000  0.040000  0.000000  0.880000 
 0.800000  0.040000  0.120000  0.040000 

MOTIF ALX3.m0 
letter-probability matrix: alength= 4 w= 8 nsites= 100 E= 0
 0.039906  0.478299  0.009302  0.472494 
 0.001996  0.080517  0.000647  0.916840 
 0.988370  0.008117  0.001644  0.001869 
 0.987711  0.001280  0.009298  0.001710 
 0.001710  0.009298  0.001280  0.987711 
 0.001869  0.001644  0.008117  0.988370 
 0.916840  0.000647  0.080517  0.001996 
 0.472494  0.009302  0.478299  0.039906 

MOTIF ALX3.m1 
letter-probability matrix: alength= 4 w= 5 nsites= 100 E= 0
 0.910299  0.041290  0.024802  0.023609 
 0.985190  0.007210  0.003086  0.004513 
 0.001576  0.002658  0.000464  0.995302 
 0.010611  0.029523  0.022643  0.937223 
 0.899615  0.012586  0.059890  0.027909 

MOTIF ALX3.m2 
letter-probability matrix: alength= 4 w= 11 nsites= 100 E= 0
 0.135458  0.066970  0.014419  0.783153 
 0.867956  0.009672  0.043734  0.078638 
 0.991593  0.003603  0.003123  0.001681 
 0.039437  0.166948  0.018404  0.775211 
 0.040026  0.369811  0.081116  0.509048 
 0.283430  0.229651  0.163033  0.323886 
 0.665908  0.116188  0.187513  0.030391 
 0.867227  0.035294  0.071429  0.026050 
 0.002396  0.006231  0.002157  0.989216 
 0.121980  0.070559  0.009472  0.797989 
 0.850607  0.020194  0.037297  0.091902 

MOTIF ALX3.m3 
letter-probability matrix: alength= 4 w= 5 nsites= 100 E= 0
 0.000000  0.000000  0.000000  1.000000 
 0.810699  0.011790  0.044105  0.133406 
 0.838338  0.034997  0.073154  0.053511 
 0.000000  0.533324  0.008331  0.458345 
 0.046861  0.047515  0.809285  0.096338 

MOTIF ALX4.m0 Alx4
letter-probability matrix: alength= 4 w= 8 nsites= 100 E= 0
 0.021783  0.342864  0.011396  0.623958 
 0.010014  0.078779  0.000767  0.910439 
 0.979644  0.009466  0.009735  0.001155 
 0.978877  0.000892  0.010081  0.010150 
 0.010150  0.010081  0.000892  0.978877 
 0.001155  0.009735  0.009466  0.979644 
 0.910439  0.000767  0.078779  0.010014 
 0.623958  0.011396  0.342864  0.021783 

MOTIF ALX4.m1 
letter-probability matrix: alength= 4 w= 11 nsites= 100 E= 0
 0.165295  0.076334  0.017559  0.740812 
 0.838460  0.015108  0.074751  0.071681 
 0.992108  0.002849  0.003616  0.001427 
 0.059954  0.183863  0.024971  0.731212 
 0.052315  0.355711  0.102957  0.489016 
 0.315488  0.247877  0.171089  0.265547 
 0.630313  0.126074  0.203554  0.040060 
 0.853760  0.040578  0.076171  0.029492 
 0.002532  0.008167  0.001443  0.987858 
 0.121022  0.117755  0.013275  0.747948 
 0.847329  0.019735  0.040681  0.092255 

MOTIF ALX4.m2 
letter-probability matrix: alength= 4 w= 5 nsites= 100 E= 0
 0.795730  0.101292  0.080239  0.022740 
 0.997908  0.002092  0.000000  0.000000 
 0.000000  0.000000  0.000000  1.000000 
 0.000000  0.102425  0.050461  0.847114 
 0.831271  0.023281  0.139571  0.005877 

MOTIF ALX4.m3 
letter-probability matrix: alength= 4 w= 13 nsites= 100 E= 0
 0.000000  1.000000  0.000000  0.000000 
 0.000000  1.000000  0.000000  0.000000 
 0.000000  0.000000  0.000000  1.000000 
 0.000000  0.000000  1.000000  0.000000 
 1.000000  0.000000  0.000000  0.000000 
 0.000000  0.000000  1.000000  0.000000 
 1.000000  0.000000  0.000000  0.000000 
 1.000000  0.000000  0.000000  0.000000 
 0.000000  0.000000  0.000000  1.000000 
 1.000000  0.000000  0.000000  0.000000 
 1.000000  0.000000  0.000000  0.000000 
 0.000000  0.000000  0.000000  1.000000 
 0.000000  1.000000  0.000000  0.000000 

MOTIF ANHX.m0 
letter-probability matrix: alength= 4 w= 7 nsites= 100 E= 0
 0.000169  0.762364  0.017107  0.220359 
 0.355208  0.079037  0.039584  0.526170 
 0.011739  0.011739  0.139586  0.836936 
 0.116341  0.000116  0.883426  0.000116 
 0.000116  0.000116  0.000116  0.999651 
 0.285697  0.642670  0.000119  0.071514 
 0.950271  0.012463  0.000123  0.037142 

MOTIF AR.m0 Ar
letter-probability matrix: alength= 4 w= 15 nsites= 100 E= 0
 0.368084  0.003543  0.588651  0.039388 
 0.019400  0.000344  0.970667  0.009589 
 0.405181  0.138610  0.137579  0.318629 
 0.959586  0.009944  0.013985  0.016484 
 0.001327  0.992191  0.004686  0.001795 
 0.832594  0.005296  0.114005  0.048105 
 0.099352  0.423197  0.221440  0.256011 
 0.214520  0.237744  0.344731  0.203005 
 0.253849  0.194248  0.455618  0.096286 
 0.050396  0.112140  0.002278  0.835187 
 0.000860  0.004230  0.994104  0.000805 
 0.020845  0.014731  0.006819  0.957272 
 0.349873  0.118100  0.128542  0.403485 
 0.006406  0.976197  0.000352  0.017045 
 0.041858  0.582971  0.002015  0.372823 

MOTIF AR.m1 
letter-probability matrix: alength= 4 w= 6 nsites= 100 E= 0
 0.335000  0.001000  0.663000  0.001000 
 0.001000  0.001000  0.997000  0.001000 
 0.471000  0.273000  0.168000  0.089000 
 0.997000  0.001000  0.001000  0.001000 
 0.001000  0.994000  0.004000  0.001000 
 0.965000  0.001000  0.001000  0.033000 

MOTIF ARGFX.m0 ARGFX
letter-probability matrix: alength= 4 w= 8 nsites= 100 E= 0
 0.053343  0.378495  0.029743  0.538418 
 0.040047  0.081573  0.025600  0.852780 
 0.993859  0.002076  0.004060  0.000004 
 0.997421  0.000004  0.002571  0.000004 
 0.002094  0.000004  0.000004  0.997899 
 0.000184  0.001760  0.004153  0.993904 
 0.908994  0.010865  0.061343  0.018798 
 0.152215  0.068055  0.685916  0.093815 

MOTIF ARGFX.m1 
letter-probability matrix: alength= 4 w= 11 nsites= 100 E= 0
 0.004413  0.005868  0.002865  0.986853 
 0.993735  0.001199  0.002361  0.002705 
 0.998460  0.000587  0.000792  0.000160 
 0.000578  0.000782  0.000000  0.998640 
 0.000107  0.005236  0.003254  0.991403 
 0.800035  0.053875  0.096478  0.049613 
 0.456200  0.016327  0.522552  0.004920 
 0.792339  0.106625  0.062676  0.038361 
 0.005908  0.061068  0.020776  0.912248 
 0.012237  0.016070  0.008838  0.962855 
 0.966128  0.005675  0.008737  0.019460 

MOTIF ARHGEF12.m0 
letter-probability matrix: alength= 4 w= 8 nsites= 100 E= 0
 0.953705  0.016367  0.006314  0.023614 
 0.003494  0.989648  0.003278  0.003580 
 0.004722  0.003156  0.988805  0.003317 
 0.939828  0.001925  0.052151  0.006096 
 0.183998  0.760396  0.030845  0.024762 
 0.917564  0.003661  0.065438  0.013337 
 0.965452  0.006559  0.005183  0.022807 
 0.730611  0.054369  0.006576  0.208444 

MOTIF ARID3A.m0 Arid3a
letter-probability matrix: alength= 4 w= 6 nsites= 100 E= 0
 0.991071  0.002976  0.002976  0.002976 
 0.002976  0.002976  0.002976  0.991071 
 0.039572  0.332341  0.002976  0.625110 
 0.991071  0.002976  0.002976  0.002976 
 0.991071  0.002976  0.002976  0.002976 
 0.734899  0.002976  0.039572  0.222553 

MOTIF ARID3A.m1 
letter-probability matrix: alength= 4 w= 8 nsites= 100 E= 0
 0.088535  0.110444  0.081068  0.719953 
 0.041566  0.097440  0.047537  0.813456 
 0.697823  0.010204  0.180822  0.111151 
 0.888116  0.001770  0.002351  0.107763 
 0.107763  0.002351  0.001770  0.888116 
 0.111151  0.180822  0.010204  0.697823 
 0.813456  0.047537  0.097440  0.041566 
 0.719953  0.081068  0.110444  0.088535 

MOTIF ARID3B.m0 Arid3b
letter-probability matrix: alength= 4 w= 6 nsites= 100 E= 0
 0.706705  0.089326  0.025491  0.178478 
 0.084152  0.000098  0.000098  0.915653 
 0.006050  0.000098  0.000098  0.993755 
 0.969945  0.000098  0.029859  0.000098 
 0.849737  0.029859  0.035812  0.084592 
 0.088980  0.000130  0.000130  0.910760 

MOTIF ARID3B.m1 
letter-probability matrix: alength= 4 w= 7 nsites= 100 E= 0
 0.000000  0.000000  0.095238  0.904762 
 0.000000  0.047619  0.095238  0.857143 
 0.000000  0.047619  0.000000  0.952381 
 0.333333  0.000000  0.619048  0.047619 
 1.000000  0.000000  0.000000  0.000000 
 0.000000  0.000000  0.000000  1.000000 
 0.142857  0.047619  0.000000  0.809524 

MOTIF ARID5A.m0 Arid5a
letter-probability matrix: alength= 4 w= 6 nsites= 100 E= 0
 0.843805  0.032252  0.091270  0.032673 
 0.966316  0.007864  0.009344  0.016477 
 0.047527  0.007870  0.007470  0.937133 
 0.942876  0.008082  0.001328  0.047715 
 0.017579  0.008595  0.001291  0.972536 
 0.044566  0.061896  0.028531  0.865008 

MOTIF ARID5B.m0 
letter-probability matrix: alength= 4 w= 14 nsites= 100 E= 0
 0.600000  0.200000  0.200000  0.000000 
 0.600000  0.000000  0.000000  0.400000 
 0.000000  0.500000  0.333333  0.166667 
 0.066667  0.600000  0.133333  0.200000 
 0.666667  0.133333  0.066667  0.133333 
 0.066667  0.666667  0.133333  0.133333 
 1.000000  0.000000  0.000000  0.000000 
 1.000000  0.000000  0.000000  0.000000 
 0.000000  0.066667  0.066667  0.866667 
 0.933333  0.066667  0.000000  0.000000 
 0.000000  0.733333  0.066667  0.200000 
 0.266667  0.466667  0.066667  0.200000 
 0.466667  0.266667  0.266667  0.000000 
 0.600000  0.266667  0.133333  0.000000 

MOTIF ARNT--AHR.m0 
letter-probability matrix: alength= 4 w= 5 nsites= 100 E= 0
 0.014000  0.970000  0.003000  0.013000 
 0.927000  0.028000  0.001000  0.044000 
 0.033000  0.826000  0.051000  0.090000 
 0.029000  0.017000  0.951000  0.003000 
 0.123000  0.765000  0.067000  0.045000 

MOTIF ARNT--HIF1A.m0 ARNT::HIF1A
letter-probability matrix: alength= 4 w= 5 nsites= 100 E= 0
 0.747619  0.020330  0.221291  0.010760 
 0.001190  0.986859  0.001190  0.010760 
 0.001190  0.001190  0.996429  0.001190 
 0.001190  0.001190  0.001190  0.996429 
 0.001190  0.001190  0.996429  0.001190 

MOTIF ARNT.m0 Arnt
letter-probability matrix: alength= 4 w= 7 nsites= 100 E= 0
 0.134882  0.009882  0.192785  0.662451 
 0.013401  0.969697  0.003966  0.012937 
 0.960174  0.002409  0.034009  0.003409 
 0.016813  0.958593  0.001409  0.023186 
 0.011609  0.001409  0.965849  0.021134 
 0.001609  0.027370  0.001409  0.969613 
 0.011551  0.004896  0.880410  0.103143 

MOTIF ARNT2.m0 ARNT2
letter-probability matrix: alength= 4 w= 6 nsites= 100 E= 0
 0.012247  0.984961  0.002790  0.000002 
 0.973303  0.002925  0.012749  0.011024 
 0.000002  0.996364  0.000002  0.003632 
 0.002066  0.000002  0.997930  0.000002 
 0.015386  0.022027  0.002625  0.959962 
 0.000338  0.000002  0.976320  0.023339 

MOTIF ARX.m0 Arx
letter-probability matrix: alength= 4 w= 8 nsites= 100 E= 0
 0.011431  0.378980  0.009604  0.599985 
 0.009933  0.129406  0.001262  0.859399 
 0.986678  0.001796  0.001734  0.009792 
 0.979688  0.001134  0.009794  0.009383 
 0.009383  0.009794  0.001134  0.979688 
 0.009792  0.001734  0.001796  0.986678 
 0.859399  0.001262  0.129406  0.009933 
 0.599985  0.009604  0.378980  0.011431 

MOTIF ARX.m1 
letter-probability matrix: alength= 4 w= 6 nsites= 100 E= 0
 0.033494  0.209983  0.035567  0.720956 
 0.977987  0.000114  0.018699  0.003199 
 0.996602  0.000114  0.000114  0.003171 
 0.000114  0.003171  0.000114  0.996602 
 0.035756  0.018594  0.000261  0.945389 
 0.872894  0.015094  0.090231  0.021780 

MOTIF ARX.m2 
letter-probability matrix: alength= 4 w= 8 nsites= 100 E= 0
 0.971154  0.009615  0.009615  0.009615 
 0.009615  0.009615  0.009615  0.971154 
 0.971154  0.009615  0.009615  0.009615 
 0.971154  0.009615  0.009615  0.009615 
 0.009615  0.009615  0.009615  0.971154 
 0.009615  0.009615  0.009615  0.971154 
 0.971154  0.009615  0.009615  0.009615 
 0.009615  0.009615  0.009615  0.971154 

MOTIF ARX.m3 
letter-probability matrix: alength= 4 w= 11 nsites= 100 E= 0
 0.078062  0.033274  0.014015  0.874649 
 0.793168  0.014793  0.074209  0.117830 
 0.975151  0.004673  0.013867  0.006310 
 0.023395  0.074887  0.022032  0.879686 
 0.020095  0.247632  0.062473  0.669801 
 0.260948  0.197028  0.175742  0.366283 
 0.597914  0.077129  0.290616  0.034342 
 0.821667  0.027903  0.096732  0.053697 
 0.003532  0.008701  0.003722  0.984044 
 0.062273  0.058030  0.009640  0.870057 
 0.782494  0.020105  0.048295  0.149107 

MOTIF ASCL1.m0 ASCL1
letter-probability matrix: alength= 4 w= 6 nsites= 100 E= 0
 0.006341  0.984037  0.000014  0.009607 
 0.945890  0.021401  0.004743  0.027965 
 0.002324  0.177749  0.694643  0.125283 
 0.107327  0.691079  0.185926  0.015668 
 0.037711  0.011613  0.029158  0.921517 
 0.004335  0.000014  0.995636  0.000014 

MOTIF ASCL1.m1 ASCL1
letter-probability matrix: alength= 4 w= 7 nsites= 100 E= 0
 0.005359  0.976878  0.009347  0.008415 
 0.940583  0.016391  0.025035  0.017992 
 0.004748  0.878120  0.093407  0.023725 
 0.005709  0.972221  0.017671  0.004399 
 0.010715  0.021543  0.014324  0.953419 
 0.007309  0.012956  0.972483  0.007251 
 0.011617  0.839554  0.079144  0.069685 

MOTIF ASCL2.m0 Ascl2
letter-probability matrix: alength= 4 w= 9 nsites= 100 E= 0
 0.673056  0.102356  0.179017  0.045571 
 0.328619  0.110421  0.545544  0.015416 
 0.005993  0.987834  0.002097  0.004076 
 0.959157  0.005230  0.004056  0.031557 
 0.010267  0.117724  0.806542  0.065467 
 0.051115  0.844934  0.099556  0.004395 
 0.017874  0.005007  0.008047  0.969073 
 0.002380  0.002999  0.990358  0.004263 
 0.024782  0.637058  0.080099  0.258061 

MOTIF ASCL2.m1 
letter-probability matrix: alength= 4 w= 7 nsites= 100 E= 0
 0.000000  0.812602  0.005728  0.181669 
 0.045370  0.010185  0.919444  0.025000 
 0.028375  0.011178  0.106621  0.853826 
 0.038121  0.675970  0.088496  0.197413 
 0.072616  0.056868  0.868766  0.001750 
 0.029316  0.094463  0.067590  0.808632 
 0.031853  0.009653  0.958494  0.000000 

MOTIF ATF1.m0 Atf1
letter-probability matrix: alength= 4 w= 6 nsites= 100 E= 0
 0.711695  0.000113  0.198090  0.090103 
 0.000107  0.992669  0.000107  0.007118 
 0.000107  0.000107  0.999680  0.000107 
 0.000107  0.000107  0.000107  0.999680 
 0.175093  0.802735  0.022064  0.000108 
 0.959899  0.000109  0.016019  0.023973 

MOTIF ATF1.m1 
letter-probability matrix: alength= 4 w= 8 nsites= 100 E= 0
 0.009901  0.029703  0.009901  0.950495 
 0.010101  0.010101  0.868687  0.111111 
 0.969697  0.000000  0.010101  0.020202 
 0.000000  0.959596  0.000000  0.040404 
 0.040404  0.000000  0.959596  0.000000 
 0.020202  0.010101  0.000000  0.969697 
 0.111111  0.868687  0.010101  0.010101 
 0.950495  0.009901  0.029703  0.009901 

MOTIF ATF2.m0 
letter-probability matrix: alength= 4 w= 8 nsites= 100 E= 0
 0.000000  0.000000  0.042553  0.957447 
 0.021277  0.000000  0.148936  0.829787 
 1.000000  0.000000  0.000000  0.000000 
 0.000000  0.914894  0.000000  0.085106 
 0.000000  0.000000  1.000000  0.000000 
 0.000000  0.000000  0.000000  1.000000 
 0.829787  0.170213  0.000000  0.000000 
 1.000000  0.000000  0.000000  0.000000 

MOTIF ATF2.m1 
letter-probability matrix: alength= 4 w= 8 nsites= 100 E= 0
 0.142857  0.142857  0.000000  0.714286 
 0.000000  0.000000  0.428571  0.571429 
 0.857143  0.000000  0.142857  0.000000 
 0.000000  1.000000  0.000000  0.000000 
 0.000000  0.000000  1.000000  0.000000 
 0.000000  0.000000  0.000000  1.000000 
 0.000000  1.000000  0.000000  0.000000 
 1.000000  0.000000  0.000000  0.000000 

MOTIF ATF2.m2 ATF2
letter-probability matrix: alength= 4 w= 9 nsites= 100 E= 0
 0.817957  0.052953  0.104877  0.024213 
 0.008690  0.015138  0.005525  0.970648 
 0.019701  0.006871  0.931368  0.042060 
 0.972500  0.006669  0.004413  0.016418 
 0.017697  0.285719  0.390729  0.305855 
 0.022984  0.014919  0.957700  0.004396 
 0.016216  0.005322  0.004767  0.973695 
 0.073612  0.900153  0.010929  0.015307 
 0.974823  0.003672  0.012933  0.008572 

MOTIF ATF2.m3 
letter-probability matrix: alength= 4 w= 8 nsites= 100 E= 0
 0.000000  0.023256  0.000000  0.976744 
 0.046512  0.000000  0.953488  0.000000 
 1.000000  0.000000  0.000000  0.000000 
 0.000000  1.000000  0.000000  0.000000 
 0.046512  0.023256  0.930233  0.000000 
 0.000000  0.000000  0.000000  1.000000 
 0.000000  0.465116  0.069767  0.465116 
 0.930233  0.023256  0.000000  0.046512 

MOTIF ATF3.m0 
letter-probability matrix: alength= 4 w= 8 nsites= 100 E= 0
 0.706275  0.017447  0.197395  0.078883 
 0.015974  0.952395  0.006639  0.024992 
 0.047381  0.016495  0.934246  0.001878 
 0.000026  0.001878  0.000026  0.998069 
 0.016088  0.977113  0.006772  0.000026 
 0.994101  0.005847  0.000026  0.000026 
 0.039726  0.339231  0.135559  0.485483 
 0.065430  0.708659  0.129232  0.096680 

MOTIF ATF3.m1 
letter-probability matrix: alength= 4 w= 8 nsites= 100 E= 0
 0.000000  0.000000  0.000000  1.000000 
 0.000000  0.000000  1.000000  0.000000 
 1.000000  0.000000  0.000000  0.000000 
 0.000000  1.000000  0.000000  0.000000 
 0.000000  0.000000  1.000000  0.000000 
 0.066926  0.000000  0.000000  0.933074 
 0.153177  0.634465  0.085292  0.127067 
 0.689060  0.000000  0.000000  0.310940 

MOTIF ATF3.m2 
letter-probability matrix: alength= 4 w= 9 nsites= 100 E= 0
 0.607527  0.000000  0.392473  0.000000 
 0.000667  0.000667  0.000667  0.998000 
 0.000667  0.000667  0.964000  0.034667 
 0.998000  0.000667  0.000667  0.000667 
 0.037606  0.472918  0.458143  0.032000 
 0.000667  0.000667  0.000667  0.998000 
 0.034667  0.964000  0.000667  0.000667 
 0.998000  0.000667  0.000667  0.000667 
 0.000000  0.430108  0.000000  0.569892 

MOTIF ATF3.m3 ATF3
letter-probability matrix: alength= 4 w= 10 nsites= 100 E= 0
 0.561045  0.048386  0.379966  0.010602 
 0.002219  0.007204  0.001353  0.989224 
 0.003527  0.003569  0.941421  0.051484 
 0.990644  0.001165  0.002956  0.005236 
 0.000774  0.977125  0.000793  0.021308 
 0.027290  0.000793  0.971143  0.000774 
 0.005236  0.002956  0.001165  0.990644 
 0.054140  0.938764  0.003569  0.003527 
 0.989243  0.001335  0.007204  0.002219 
 0.000002  0.377938  0.026275  0.595785 

MOTIF ATF3.m4 
letter-probability matrix: alength= 4 w= 10 nsites= 100 E= 0
 0.649063  0.049036  0.295573  0.006328 
 0.000000  0.005510  0.000000  0.994490 
 0.000000  0.000060  0.908023  0.091917 
 0.998326  0.000000  0.000000  0.001674 
 0.000025  0.978210  0.008380  0.013385 
 0.409285  0.007641  0.582767  0.000306 
 0.000000  0.000000  0.000000  1.000000 
 0.065864  0.934136  0.000000  0.000000 
 0.995114  0.000000  0.004886  0.000000 
 0.005012  0.320082  0.047987  0.626919 

MOTIF ATF3.m5 
letter-probability matrix: alength= 4 w= 10 nsites= 100 E= 0
 0.140127  0.114650  0.745223  0.000000 
 0.000000  0.000000  0.000000  1.000000 
 0.000000  0.993631  0.000000  0.006369 
 0.987261  0.000000  0.000000  0.012739 
 0.000000  0.866242  0.050955  0.082803 
 0.070064  0.038217  0.891719  0.000000 
 0.000000  0.000000  0.000000  1.000000 
 0.000000  0.000000  1.000000  0.000000 
 1.000000  0.000000  0.000000  0.000000 
 0.019108  0.726115  0.101911  0.152866 

MOTIF ATF3.m6 
letter-probability matrix: alength= 4 w= 8 nsites= 100 E= 0
 0.004520  0.814520  0.155194  0.025767 
 0.989836  0.000000  0.010164  0.000000 
 0.000000  0.895982  0.001007  0.103011 
 0.016182  0.014286  0.969532  0.000000 
 0.004075  0.000000  0.000000  0.995925 
 0.000000  0.183944  0.816056  0.000000 
 0.959850  0.004883  0.035267  0.000000 
 0.000000  0.849797  0.002907  0.147296 

MOTIF ATF3.m7 
letter-probability matrix: alength= 4 w= 15 nsites= 100 E= 0
 0.600000  0.000000  0.400000  0.000000 
 0.000000  0.000000  0.000000  1.000000 
 0.000000  0.000000  1.000000  0.000000 
 1.000000  0.000000  0.000000  0.000000 
 0.000000  1.000000  0.000000  0.000000 
 0.000000  0.000000  1.000000  0.000000 
 0.000000  1.000000  0.000000  0.000000 
 1.000000  0.000000  0.000000  0.000000 
 0.000000  0.200000  0.000000  0.800000 
 0.800000  0.200000  0.000000  0.000000 
 0.000000  0.600000  0.000000  0.400000 
 0.000000  1.000000  0.000000  0.000000 
 0.000000  1.000000  0.000000  0.000000 
 0.000000  0.800000  0.000000  0.200000 
 0.200000  0.800000  0.000000  0.000000 

MOTIF ATF3.m8 
letter-probability matrix: alength= 4 w= 11 nsites= 100 E= 0
 0.000000  0.117647  0.823529  0.058824 
 0.000000  0.117647  0.882353  0.000000 
 0.058824  0.000000  0.941176  0.000000 
 0.058824  0.117647  0.235294  0.588235 
 0.000000  0.000000  0.000000  1.000000 
 0.000000  0.000000  0.823529  0.176471 
 1.000000  0.000000  0.000000  0.000000 
 0.000000  1.000000  0.000000  0.000000 
 0.000000  0.000000  1.000000  0.000000 
 0.058824  0.411765  0.117647  0.411765 
 0.647059  0.294118  0.058824  0.000000 

MOTIF ATF4.m0 
letter-probability matrix: alength= 4 w= 13 nsites= 100 E= 0
 0.014419  0.046650  0.543681  0.395250 
 0.842846  0.028122  0.129032  0.000000 
 0.000000  0.000000  0.001832  0.998168 
 0.000000  0.000000  0.000000  1.000000 
 0.039389  0.000000  0.960611  0.000000 
 0.000000  0.996769  0.003231  0.000000 
 0.688211  0.001420  0.310369  0.000000 
 0.000897  0.000000  0.000000  0.999103 
 0.002641  0.996479  0.000000  0.000880 
 0.998119  0.000000  0.001881  0.000000 
 0.000000  0.056780  0.075424  0.867796 
 0.146589  0.554427  0.233672  0.065312 
 0.093399  0.650983  0.025983  0.229635 

MOTIF ATF4.m1 ATF4
letter-probability matrix: alength= 4 w= 9 nsites= 100 E= 0
 0.626070  0.104194  0.250169  0.019567 
 0.002470  0.002185  0.001554  0.993791 
 0.002440  0.001614  0.004541  0.991405 
 0.183112  0.002080  0.676091  0.138718 
 0.002170  0.993716  0.001268  0.002846 
 0.953483  0.005930  0.036434  0.004153 
 0.015448  0.013161  0.006762  0.964629 
 0.016541  0.973055  0.003977  0.006428 
 0.975249  0.004964  0.011802  0.007985 

MOTIF ATF4.m2 
letter-probability matrix: alength= 4 w= 10 nsites= 100 E= 0
 0.685221  0.059501  0.255278  0.000000 
 0.004464  0.001116  0.003348  0.991072 
 0.003257  0.000000  0.022801  0.973942 
 0.112214  0.015889  0.832175  0.039722 
 0.003607  0.995491  0.000000  0.000902 
 0.550996  0.010551  0.436108  0.002345 
 0.027382  0.000000  0.000000  0.972618 
 0.009821  0.973215  0.000000  0.016964 
 0.992915  0.007085  0.000000  0.000000 
 0.003090  0.130793  0.208033  0.658084 

MOTIF ATF4.m3 
letter-probability matrix: alength= 4 w= 14 nsites= 100 E= 0
 0.258887  0.022326  0.655615  0.063172 
 0.077589  0.088701  0.665849  0.167861 
 0.656277  0.192642  0.150438  0.000643 
 0.000628  0.000654  0.001201  0.997517 
 0.000493  0.000288  0.998686  0.000534 
 0.997947  0.000788  0.000927  0.000337 
 0.000208  0.997135  0.000176  0.002482 
 0.003833  0.000132  0.995728  0.000307 
 0.000275  0.000859  0.000394  0.998472 
 0.000744  0.998537  0.000222  0.000497 
 0.998649  0.000467  0.000643  0.000241 
 0.000395  0.064985  0.212981  0.721639 
 0.167784  0.665964  0.085367  0.080884 
 0.062620  0.655038  0.022392  0.259949 

MOTIF ATF4.m4 
letter-probability matrix: alength= 4 w= 14 nsites= 100 E= 0
 0.279269  0.020268  0.635956  0.064507 
 0.100881  0.100151  0.603389  0.195579 
 0.887766  0.077128  0.035106  0.000000 
 0.000000  0.000000  0.000382  0.999618 
 0.000000  0.000000  1.000000  0.000000 
 0.999936  0.000064  0.000000  0.000000 
 0.000000  0.975598  0.000000  0.024402 
 0.773536  0.000000  0.226464  0.000000 
 0.000000  0.000000  0.000000  1.000000 
 0.000000  1.000000  0.000000  0.000000 
 0.999936  0.000000  0.000000  0.000064 
 0.000057  0.044716  0.108360  0.846866 
 0.146608  0.725522  0.050939  0.076931 
 0.056495  0.667310  0.007668  0.268527 

MOTIF ATF6.m0 ATF6
letter-probability matrix: alength= 4 w= 10 nsites= 100 E= 0
 0.038025  0.209866  0.036973  0.715136 
 0.018118  0.007722  0.946321  0.027840 
 0.097472  0.861812  0.001541  0.039175 
 0.008304  0.938791  0.039462  0.013443 
 0.995423  0.001164  0.001629  0.001784 
 0.000079  0.995727  0.000688  0.003506 
 0.002942  0.008267  0.988228  0.000564 
 0.002295  0.005925  0.001084  0.990696 
 0.005566  0.989235  0.002844  0.002355 
 0.985730  0.005234  0.006259  0.002778 

MOTIF ATF6.m1 
letter-probability matrix: alength= 4 w= 10 nsites= 100 E= 0
 0.982044  0.003769  0.010419  0.003769 
 0.001797  0.002246  0.995058  0.000898 
 0.028512  0.053306  0.002893  0.915289 
 0.002246  0.828967  0.158121  0.010666 
 0.985759  0.002003  0.011794  0.000445 
 0.001345  0.993051  0.001569  0.004035 
 0.001574  0.001799  0.996177  0.000450 
 0.005801  0.002677  0.003124  0.988398 
 0.025085  0.014243  0.941752  0.018920 
 0.027305  0.042218  0.508297  0.422180 

MOTIF ATF6.m2 
letter-probability matrix: alength= 4 w= 10 nsites= 100 E= 0
 0.003810  0.014776  0.001855  0.979559 
 0.003531  0.012653  0.968291  0.015526 
 0.994859  0.002076  0.001440  0.001624 
 0.000993  0.988942  0.000767  0.009298 
 0.008040  0.000612  0.991213  0.000136 
 0.001485  0.002660  0.000000  0.995855 
 0.012948  0.979119  0.003935  0.003997 
 0.990326  0.002489  0.005979  0.001206 
 0.008818  0.346740  0.088324  0.556119 
 0.057104  0.780652  0.096742  0.065502 

MOTIF ATF6.m3 
letter-probability matrix: alength= 4 w= 10 nsites= 100 E= 0
 0.769369  0.033333  0.035135  0.162162 
 0.004630  0.988426  0.004630  0.002315 
 0.916309  0.004292  0.047210  0.032189 
 0.059732  0.032956  0.027806  0.879506 
 0.023784  0.923243  0.041081  0.011892 
 0.018100  0.012443  0.966063  0.003394 
 0.000000  0.000000  0.000000  1.000000 
 0.002286  0.011429  0.976000  0.010286 
 0.005525  0.007735  0.943646  0.043094 
 0.040315  0.060964  0.058997  0.839725 

MOTIF ATF6B.m0 
letter-probability matrix: alength= 4 w= 10 nsites= 100 E= 0
 0.050202  0.281735  0.048976  0.619087 
 0.021672  0.011873  0.940800  0.025655 
 0.139123  0.847984  0.005728  0.007166 
 0.008889  0.971657  0.008827  0.010627 
 0.994209  0.004073  0.001184  0.000535 
 0.004422  0.977238  0.000748  0.017591 
 0.030626  0.070837  0.895725  0.002813 
 0.001171  0.006789  0.005641  0.986399 
 0.018797  0.961209  0.015190  0.004804 
 0.952589  0.010002  0.027051  0.010358 

MOTIF ATF6B.m1 
letter-probability matrix: alength= 4 w= 11 nsites= 100 E= 0
 0.048957  0.022559  0.874172  0.054312 
 0.228030  0.689771  0.010092  0.072107 
 0.014511  0.841476  0.116798  0.027215 
 0.978571  0.006437  0.013298  0.001694 
 0.000678  0.993818  0.004065  0.001440 
 0.004884  0.008454  0.986493  0.000170 
 0.000510  0.011861  0.011588  0.976041 
 0.043330  0.097353  0.838793  0.020524 
 0.082186  0.009940  0.677644  0.230230 
 0.041724  0.895124  0.017831  0.045322 
 0.733668  0.096201  0.089966  0.080165 

MOTIF ATF6B.m2 
letter-probability matrix: alength= 4 w= 10 nsites= 100 E= 0
 0.002451  0.018871  0.007644  0.971034 
 0.006635  0.027251  0.942329  0.023785 
 0.982631  0.003781  0.009411  0.004177 
 0.000607  0.994966  0.001032  0.003396 
 0.001941  0.000427  0.997163  0.000470 
 0.001012  0.010016  0.004210  0.984762 
 0.016162  0.977344  0.003979  0.002515 
 0.988859  0.003776  0.006283  0.001081 
 0.020346  0.325713  0.100995  0.552947 
 0.089157  0.703012  0.098795  0.109036 

MOTIF ATF6B.m3 
letter-probability matrix: alength= 4 w= 9 nsites= 100 E= 0
 0.749638  0.065123  0.056440  0.128799 
 0.000000  0.975518  0.000000  0.024482 
 0.873524  0.000000  0.070826  0.055649 
 0.149618  0.033588  0.025954  0.790840 
 0.036458  0.899306  0.038194  0.026042 
 0.005725  0.005725  0.988550  0.000000 
 0.001923  0.001923  0.000000  0.996154 
 0.000000  0.009452  0.979206  0.011342 
 0.010733  0.003578  0.926655  0.059034 

MOTIF ATF7.m0 ATF7
letter-probability matrix: alength= 4 w= 10 nsites= 100 E= 0
 0.676260  0.033226  0.281386  0.009128 
 0.000456  0.002062  0.000142  0.997339 
 0.003772  0.001848  0.850993  0.143386 
 0.995005  0.003170  0.000661  0.001165 
 0.000167  0.989893  0.000475  0.009465 
 0.008921  0.001360  0.988894  0.000825 
 0.000497  0.002394  0.000332  0.996777 
 0.111874  0.883747  0.000267  0.004112 
 0.997599  0.001777  0.000168  0.000456 
 0.008500  0.194110  0.032871  0.764518 

MOTIF ATMIN.m0 
letter-probability matrix: alength= 4 w= 22 nsites= 100 E= 0
 0.000100  0.530762  0.460205  0.008850 
 0.000100  0.955566  0.008850  0.035400 
 0.442383  0.079651  0.406982  0.070801 
 0.230103  0.132690  0.619629  0.017700 
 0.221191  0.362793  0.362793  0.053101 
 0.194702  0.256592  0.433594  0.115051 
 0.159302  0.008850  0.832031  0.000100 
 0.619629  0.141602  0.212402  0.026550 
 0.964844  0.000100  0.035400  0.000100 
 0.477783  0.079651  0.442383  0.000100 
 0.637207  0.026550  0.327393  0.008850 
 0.619629  0.070801  0.177002  0.132690 
 0.026550  0.486816  0.203491  0.283203 
 0.000100  0.521973  0.468994  0.008850 
 0.000100  0.964844  0.008850  0.026550 
 0.141602  0.194702  0.336182  0.327393 
 0.115051  0.053101  0.813965  0.017700 
 0.300781  0.106201  0.486816  0.106201 
 0.309814  0.265381  0.345215  0.079651 
 0.053101  0.000100  0.946777  0.000100 
 0.433594  0.221191  0.318604  0.026550 
 0.920410  0.000100  0.017700  0.061951 

MOTIF ATOH1.m0 Atoh1
letter-probability matrix: alength= 4 w= 8 nsites= 100 E= 0
 0.362363  0.042035  0.561783  0.033819 
 0.385841  0.396509  0.211326  0.006323 
 0.016727  0.981529  0.000631  0.001112 
 0.978167  0.002735  0.007183  0.011915 
 0.000034  0.011923  0.064402  0.923642 
 0.888619  0.088683  0.014505  0.008193 
 0.000035  0.026408  0.010604  0.962953 
 0.000035  0.004278  0.973374  0.022314 

MOTIF ATOH1.m1 
letter-probability matrix: alength= 4 w= 10 nsites= 100 E= 0
 0.607816  0.069362  0.315211  0.008410 
 0.559225  0.233204  0.207571  0.000800 
 0.000800  0.997818  0.000982  0.000800 
 0.974743  0.002239  0.001565  0.021853 
 0.000800  0.003514  0.793879  0.202206 
 0.242573  0.754121  0.002906  0.000800 
 0.001118  0.000800  0.000800  0.997682 
 0.000800  0.000800  0.998000  0.000800 
 0.035818  0.227316  0.227067  0.510198 
 0.017587  0.578750  0.030650  0.373413 

MOTIF ATOH1.m2 Atoh1
letter-probability matrix: alength= 4 w= 7 nsites= 100 E= 0
 0.012722  0.961786  0.009696  0.015795 
 0.976685  0.007927  0.011977  0.003410 
 0.007694  0.019799  0.880494  0.092013 
 0.981434  0.005366  0.008811  0.004388 
 0.005459  0.025712  0.004621  0.964208 
 0.013048  0.007415  0.970167  0.009370 
 0.053927  0.100719  0.732994  0.112359 

MOTIF ATOH7.m0 ATOH7
letter-probability matrix: alength= 4 w= 10 nsites= 100 E= 0
 0.433155  0.009922  0.524266  0.032658 
 0.425285  0.368698  0.193760  0.012257 
 0.000088  0.987294  0.012531  0.000088 
 0.937691  0.024677  0.037550  0.000082 
 0.000064  0.077926  0.151953  0.770056 
 0.777438  0.076414  0.133470  0.012677 
 0.049938  0.093354  0.000072  0.856636 
 0.000088  0.000088  0.995064  0.004761 
 0.053658  0.220088  0.311769  0.414485 
 0.060685  0.151820  0.088554  0.698941 

MOTIF BACH1--MAFK.m0 Bach1::Mafk
letter-probability matrix: alength= 4 w= 11 nsites= 100 E= 0
 0.577517  0.140828  0.280568  0.001087 
 0.018555  0.009821  0.001087  0.970538 
 0.001087  0.001087  0.935603  0.062223 
 0.988005  0.001087  0.001087  0.009821 
 0.001087  0.822063  0.175763  0.001087 
 0.009821  0.001087  0.036022  0.953070 
 0.044756  0.935603  0.018555  0.001087 
 0.944336  0.009821  0.027288  0.018555 
 0.001087  0.009821  0.988005  0.001087 
 0.001087  0.996739  0.001087  0.001087 
 0.856998  0.036022  0.053490  0.053490 

MOTIF BACH1.m0 
letter-probability matrix: alength= 4 w= 10 nsites= 100 E= 0
 0.108142  0.043289  0.005333  0.843236 
 0.001333  0.001333  0.996667  0.000667 
 0.065151  0.930849  0.000667  0.003333 
 0.003333  0.003333  0.000667  0.992667 
 0.000667  0.000667  0.977333  0.021333 
 0.972000  0.000667  0.001333  0.026000 
 0.021840  0.194466  0.768361  0.015333 
 0.000667  0.000667  0.000667  0.998000 
 0.013333  0.985333  0.000667  0.000667 
 0.998000  0.000667  0.000667  0.000667 

MOTIF BACH1.m1 
letter-probability matrix: alength= 4 w= 8 nsites= 100 E= 0
 0.284314  0.058824  0.656862  0.000000 
 0.000000  0.000000  0.000000  1.000000 
 0.000000  1.000000  0.000000  0.000000 
 1.000000  0.000000  0.000000  0.000000 
 0.000000  0.764706  0.147059  0.088235 
 0.225490  0.039216  0.735294  0.000000 
 0.000000  0.000000  0.000000  1.000000 
 0.000000  0.000000  1.000000  0.000000 

MOTIF BACH1.m2 
letter-probability matrix: alength= 4 w= 9 nsites= 100 E= 0
 1.000000  0.000000  0.000000  0.000000 
 1.000000  0.000000  0.000000  0.000000 
 0.404762  0.261905  0.047619  0.285714 
 0.119048  0.047619  0.000000  0.833333 
 0.023810  0.000000  0.976190  0.000000 
 0.047619  0.928571  0.023810  0.000000 
 0.095238  0.000000  0.000000  0.904762 
 0.047619  0.000000  0.952381  0.000000 
 0.928571  0.000000  0.023810  0.047619 

MOTIF BACH1.m3 
letter-probability matrix: alength= 4 w= 9 nsites= 100 E= 0
 0.814815  0.037037  0.111111  0.037037 
 0.000000  0.000000  0.000000  1.000000 
 0.000000  0.000000  1.000000  0.000000 
 1.000000  0.000000  0.000000  0.000000 
 0.000000  1.000000  0.000000  0.000000 
 0.000000  0.000000  0.000000  1.000000 
 0.000000  1.000000  0.000000  0.000000 
